-74,-87,44,-106,84,-103,103,-23,94,63,30,-78,-112,100,-33,-118,56,85,109,41,-25,-123,-51,-71,-90,120,-4,-96,-59,-102,38,-53,-47,38,108,-98,-2,54,32,68,118,-52,52,14,-40,-86,-26,49,-122,22,84,-56,-95,105,96,0,-4,-100,-34,-26,20,85,-117,-18,107,-98,116,-71,-96,-74,1,-11,83,-27,-53,1,-66,106,2,100,-9,39,-7,19,-52,93,79,-75,-52,-65,43,-127,52,-80,-83,46,63,-10,82,97,104,-63,-104,-114,-43,98,93,-109,17,35,-28,29,-36,66,88,93,-115,-89,-124,-99,67,-35,23,94,42,101,111,-38,
58,77,-57,-60,30,100,-14,-60,-6,65,-124,-43,-40,50,63,-38,
-19,9,-124,-115,71,38,125,102,-86,69,103,-72,-125,60,106,66,-8,74,-4,114,99,65,116,-53,-126,42,43,-2,-91,101,104,8,55,127,-114,37,122,70,-49,118,48,107,5,-60,2,-7,-33,-51,-127,-70,-117,-80,77,-32,-111,-15,-121,-110,28,93,119,-113,-125,55,100,-12,124,-46,-91,26,-100,-106,62,122,93,0,121,51,99,-40,-26,-70,-56,57,-19,13,23,-34,-128,4,7,114,86,-117,-60,-13,-12,-33,-63,-35,-24,-108,-120,-21,114,-53,-49,61,79,-39,99,-75,-79,26,-107,18,119,-17,-64,-18,38,-104,-60,-125,75,-90,90,-97,
6,22,15,-29,-96,46,-125,-53,-68,75,-68,34,-57,-30,-52,-116,-85,48,95,-4,-104,-105,-79,113,-39,35,63,-70,-112,-65,77,58,55,127,-114,37,122,70,-49,118,48,107,5,-60,2,-7,-33,-51,-49,-83,41,-50,-121,-9,91,28,-91,7,-20,123,-7,-52,75,-10,-13,-64,41,19,87,-122,62,-28,100,-36,92,37,-44,-76,-11,113,15,-121,123,20,80,-5,71,52,-112,-123,38,-7,-70,-42,-60,-33,-50,115,-19,-18,88,107,-90,-83,-29,68,11,19,42,89,25,89,-2,51,-7,41,-92,-96,74,-84,89,61,50,-109,50,99,81,-8,
-50,-23,2,-116,-97,-50,-110,61,121,-126,25,-20,82,80,-106,102,47,-45,-32,-17,-44,-105,76,76,28,-111,-25,13,48,-67,-128,18,127,20,38,-51,107,-38,-111,-121,-24,-99,-4,73,-50,104,-98,105,-21,70,103,72,37,19,-124,5,-84,69,-79,-110,-39,11,84,100,-124,3,43,-17,-120,26,-120,6,66,45,-48,-110,-18,67,41,77,105,59,14,57,-126,-102,-84,12,-79,-110,-24,-42,-36,103,-40,68,123,75,-122,-73,55,-53,53,20,-108,-75,-79,86,-107,125,55,91,43,83,-2,-110,58,20,-35,38,62,89,22,-76,19,40,-11,2,
94,-30,-86,83,-5,53,-20,2,70,119,-115,-32,99,104,21,-5,45,95,-1,126,-92,80,-38,86,-89,82,-82,2,122,-29,56,-113,55,127,-114,37,122,70,-49,118,48,107,5,-60,2,-7,-33,-51,-31,-94,124,-116,23,-25,105,-31,55,-69,104,43,-88,105,45,-32,100,-12,124,-46,-91,26,-100,-106,62,122,93,0,121,51,99,-40,-26,-70,-56,57,-19,13,23,-34,-128,4,7,114,86,-117,-60,-13,50,126,124,108,92,-45,-1,-50,86,-74,-28,124,97,112,-117,111,-118,60,7,-49,-1,120,119,52,115,-6,-29,55,15,7,125,-20,
-91,-56,121,-96,-125,34,-39,33,-48,-1,53,-116,-75,58,107,41,102,-103,42,-41,-2,-54,-57,-120,111,-42,95,-93,-91,-43,-57,24,55,127,-114,37,122,70,-49,118,48,107,5,-60,2,-7,-33,-51,-36,-38,115,-74,-89,46,-76,-43,-85,-5,-49,-3,-3,-99,-52,-45,100,-12,124,-46,-91,26,-100,-106,62,122,93,0,121,51,99,-40,-26,-70,-56,57,-19,13,23,-34,-128,4,7,114,86,-117,-60,-13,92,-128,81,33,-8,-118,-84,-120,72,99,-5,-49,66,56,112,-85,12,-63,89,-34,-111,-29,75,-118,86,-27,17,40,100,-21,53,-3,
-41,-116,102,44,98,105,-59,16,-83,16,125,43,-9,-58,57,43,-35,91,-13,4,-35,-74,54,-8,65,45,113,15,74,79,111,88,55,127,-114,37,122,70,-49,118,48,107,5,-60,2,-7,-33,-51,-122,-72,83,31,-25,-60,-114,-49,33,-50,21,13,21,-18,-56,101,100,-12,124,-46,-91,26,-100,-106,62,122,93,0,121,51,99,-40,-26,-70,-56,57,-19,13,23,-34,-128,4,7,114,86,-117,-60,-13,107,56,56,-94,83,-39,-65,118,-75,-119,-54,103,50,-17,64,68,-113,-1,-94,2,-99,17,-22,-45,104,-45,-16,52,-88,-20,-19,-82,
94,-30,-86,83,-5,53,-20,2,70,119,-115,-32,99,104,21,-5,14,77,-127,-102,95,122,-68,47,104,57,10,20,28,-17,-64,24,55,127,-114,37,122,70,-49,118,48,107,5,-60,2,-7,-33,-51,38,-34,-97,49,115,-86,-45,-74,50,87,48,-1,-44,37,-95,-88,-67,36,95,53,31,-35,-64,-103,-55,-46,5,-66,5,-87,11,24,108,6,14,69,10,-44,59,-98,38,-25,106,-6,-110,53,56,99,-125,101,4,24,34,81,-104,-62,-84,-17,19,92,121,-15,-122,-27,120,-11,5,62,-66,94,30,63,-11,105,-52,-127,-119,48,-3,-73,
-41,-116,102,44,98,105,-59,16,-83,16,125,43,-9,-58,57,43,14,77,-127,-102,95,122,-68,47,104,57,10,20,28,-17,-64,24,55,127,-114,37,122,70,-49,118,48,107,5,-60,2,-7,-33,-51,-54,26,103,15,1,-46,-30,1,-41,28,-118,-34,118,118,120,-26,-18,125,91,101,98,-50,-111,-4,-66,122,-91,-24,-21,51,-127,-78,108,6,14,69,10,-44,59,-98,38,-25,106,-6,-110,53,56,99,-31,25,-2,17,107,28,-99,-19,-11,-125,67,-114,119,-63,-115,-125,120,-11,5,62,-66,94,30,63,-11,105,-52,-127,-119,48,-3,-73,
-50,-23,2,-116,-97,-50,-110,61,121,-126,25,-20,82,80,-106,102,14,77,-127,-102,95,122,-68,47,104,57,10,20,28,-17,-64,24,89,-26,71,-48,48,116,6,-22,122,-119,5,-103,25,126,54,-1,59,-34,127,88,-96,-63,-112,-106,-63,125,-119,116,74,124,43,64,-13,-64,41,19,87,-122,62,-28,100,-36,92,37,-44,-76,-11,113,15,-121,123,20,80,-5,71,52,-112,-123,38,-7,-70,-42,-60,-33,44,-105,-107,-95,115,-41,54,-110,42,102,106,10,-98,70,-69,-119,-65,-57,85,105,-71,-24,118,106,31,85,-57,7,27,23,-35,-76,
-91,-56,121,-96,-125,34,-39,33,-48,-1,53,-116,-75,58,107,41,14,77,-127,-102,95,122,-68,47,104,57,10,20,28,-17,-64,24,55,127,-114,37,122,70,-49,118,48,107,5,-60,2,-7,-33,-51,0,48,45,27,54,13,-126,52,-109,126,18,-19,107,-36,-97,3,-59,48,-97,8,27,21,-54,21,126,39,27,44,55,45,127,-20,108,6,14,69,10,-44,59,-98,38,-25,106,-6,-110,53,56,99,34,36,-75,71,-40,119,86,-28,3,81,52,-32,-12,19,-110,-66,120,-11,5,62,-66,94,30,63,-11,105,-52,-127,-119,48,-3,-73,
53,89,113,19,66,-83,-28,104,100,75,126,7,120,12,-23,107,-80,-41,-81,-106,40,46,-42,27,-104,80,-29,-48,97,108,-100,11,55,127,-114,37,122,70,-49,118,48,107,5,-60,2,-7,-33,-51,-21,-101,104,-78,-92,90,-37,-76,-110,-127,-126,82,-65,41,-101,2,100,-12,124,-46,-91,26,-100,-106,62,122,93,0,121,51,99,-40,-26,-70,-56,57,-19,13,23,-34,-128,4,7,114,86,-117,-60,-13,75,73,65,-124,-63,-77,-100,56,87,21,-106,-72,-45,-94,-31,-15,94,10,-30,-43,-115,-54,-95,-51,121,73,52,67,82,-71,42,-32,
-103,-94,92,-81,78,-120,-41,90,-111,-62,-95,-122,90,90,113,-48,43,-63,100,-32,-107,31,80,-65,-76,87,-97,34,12,-96,-57,74,55,127,-114,37,122,70,-49,118,48,107,5,-60,2,-7,-33,-51,0,-31,-39,116,40,-37,72,22,-42,61,103,0,5,-82,-40,-44,-59,48,-97,8,27,21,-54,21,126,39,27,44,55,45,127,-20,108,6,14,69,10,-44,59,-98,38,-25,106,-6,-110,53,56,99,-41,99,-62,7,-21,-26,-123,101,-37,11,-74,84,126,-113,-26,-74,-104,-24,-50,94,-46,-36,-87,50,61,-109,-118,-77,-106,78,9,-39,
19,-51,37,-52,10,-87,-30,107,82,-69,13,-87,49,36,117,-74,-41,-125,-44,48,36,109,-75,4,94,-83,62,96,57,57,-30,93,89,-26,71,-48,48,116,6,-22,122,-119,5,-103,25,126,54,-1,89,65,57,-75,-31,101,112,-82,-54,17,89,-119,-63,95,30,32,-124,3,43,-17,-120,26,-120,6,66,45,-48,-110,-18,67,41,77,105,59,14,57,-126,-102,-84,12,-79,-110,-24,-42,-36,103,-40,68,-69,-109,71,12,-56,78,-25,12,0,126,85,-45,-15,-72,-112,8,-21,-61,-45,-41,80,46,-69,118,65,-90,-59,-69,93,10,-24,9,
19,-51,37,-52,10,-87,-30,107,82,-69,13,-87,49,36,117,-74,127,-70,110,42,-21,-91,-22,33,-52,69,37,11,14,-102,-72,114,89,-26,71,-48,48,116,6,-22,122,-119,5,-103,25,126,54,-1,-33,126,-80,-30,-72,75,-66,-111,-77,-120,-20,-5,104,69,-112,102,-13,-64,41,19,87,-122,62,-28,100,-36,92,37,-44,-76,-11,113,15,-121,123,20,80,-5,71,52,-112,-123,38,-7,-70,-42,-60,-33,-33,78,5,-115,-100,51,10,65,-33,120,87,93,105,50,-25,90,-10,72,-119,101,-78,-125,31,-35,-32,115,-117,-105,41,-30,-88,10,
-117,98,59,89,56,-50,-11,78,-111,-81,-79,-35,-20,-101,53,121,93,-37,6,106,47,19,113,64,33,32,-99,69,-31,52,116,34,89,-26,71,-48,48,116,6,-22,122,-119,5,-103,25,126,54,-1,-50,-77,85,59,-75,-79,64,57,122,55,-42,51,-75,-27,-22,-98,-124,3,43,-17,-120,26,-120,6,66,45,-48,-110,-18,67,41,77,105,59,14,57,-126,-102,-84,12,-79,-110,-24,-42,-36,103,-40,68,115,-92,-84,9,114,-116,-54,11,-58,-10,16,-114,-52,38,-2,10,127,-47,-61,-28,-107,47,63,121,-61,-67,-33,104,-53,76,29,98,
-83,-42,117,40,-12,-107,-18,50,113,87,77,37,-56,-91,35,-100,113,-107,-35,-83,66,37,14,-42,26,-18,44,1,93,64,-115,45,89,-26,71,-48,48,116,6,-22,122,-119,5,-103,25,126,54,-1,55,65,-86,54,-57,-40,91,61,0,28,12,-49,1,1,-51,-37,-27,-127,-80,-16,-105,105,56,-57,93,-56,-85,-42,-3,-42,-104,120,108,6,14,69,10,-44,59,-98,38,-25,106,-6,-110,53,56,99,120,19,71,-6,-105,124,26,32,70,-119,-65,-103,-98,-42,-112,17,81,-21,11,-4,11,-119,-92,103,85,-100,78,90,-8,7,-9,119,
-95,-117,-77,5,-27,112,-115,9,-80,-41,-32,21,4,-49,119,-58,118,127,-27,6,50,112,-47,95,14,-29,-69,-125,116,-39,62,77,55,127,-114,37,122,70,-49,118,48,107,5,-60,2,-7,-33,-51,-37,11,-121,-103,-102,44,74,-48,34,-16,-101,61,-53,-3,87,89,100,-12,124,-46,-91,26,-100,-106,62,122,93,0,121,51,99,-40,-26,-70,-56,57,-19,13,23,-34,-128,4,7,114,86,-117,-60,-13,13,65,-31,15,-113,22,-80,76,-65,34,37,20,62,100,109,76,39,8,-22,88,-16,-126,69,-114,-80,106,-50,-69,-84,3,-36,-23,
-95,-117,-77,5,-27,112,-115,9,-80,-41,-32,21,4,-49,119,-58,-61,-125,-9,-14,55,-63,76,-25,60,79,-26,-124,67,84,-96,13,55,127,-114,37,122,70,-49,118,48,107,5,-60,2,-7,-33,-51,93,-10,32,-4,-66,109,-109,105,-65,111,-76,120,-61,-41,87,-113,-79,29,94,-105,-97,-62,-114,78,15,-80,-56,-92,-101,65,-42,50,24,111,-53,30,-24,-16,38,107,-96,71,-114,18,-95,-117,39,-116,-77,70,76,-113,-109,-115,107,-75,-106,-45,26,-44,-42,81,-62,-10,46,41,-76,48,62,84,15,-51,-36,-47,-98,33,-33,88,-28,121,
-5,124,-17,76,-46,-6,-17,-119,-126,-59,-36,76,62,-4,-45,16,34,-112,57,-43,-94,-100,77,-89,29,-55,26,-102,-4,-64,58,86,55,127,-114,37,122,70,-49,118,48,107,5,-60,2,-7,-33,-51,10,63,-92,107,-36,23,62,-108,27,-9,-48,-39,-35,-119,127,-118,100,-12,124,-46,-91,26,-100,-106,62,122,93,0,121,51,99,-40,-26,-70,-56,57,-19,13,23,-34,-128,4,7,114,86,-117,-60,-13,12,117,112,37,79,-118,105,-57,-128,-82,-104,-107,46,-91,-97,-113,-51,113,76,82,23,-35,-27,-69,-17,80,32,62,37,105,37,54,
-5,124,-17,76,-46,-6,-17,-119,-126,-59,-36,76,62,-4,-45,16,121,13,70,-56,-107,-31,32,77,26,-79,93,122,80,0,-32,-41,55,127,-114,37,122,70,-49,118,48,107,5,-60,2,-7,-33,-51,-47,-25,72,123,15,-120,-3,68,-83,-9,-120,74,-108,-11,32,-80,-103,-56,-29,-90,-85,22,99,-61,123,27,-33,8,-30,22,51,76,24,111,-53,30,-24,-16,38,107,-96,71,-114,18,-95,-117,39,-116,19,49,-20,33,54,74,-49,-105,-17,87,-53,111,28,95,-92,-118,-42,93,28,-15,-39,51,-46,66,25,-27,-108,104,-14,124,-24,24,
-15,-23,121,46,-108,79,-80,-72,-36,99,44,76,-73,-21,16,48,75,22,-93,115,109,-94,13,-107,92,126,-118,43,40,109,-126,-46,55,127,-114,37,122,70,-49,118,48,107,5,-60,2,-7,-33,-51,93,77,-22,-102,-24,-93,42,-10,-58,32,18,-49,-19,-43,86,-33,100,-12,124,-46,-91,26,-100,-106,62,122,93,0,121,51,99,-40,-26,-70,-56,57,-19,13,23,-34,-128,4,7,114,86,-117,-60,-13,89,40,-42,-7,39,102,-16,32,-80,-43,-80,59,5,14,-75,88,-57,87,-108,70,-104,16,-40,35,-22,-64,-69,0,83,-76,-80,47,
-15,-23,121,46,-108,79,-80,-72,-36,99,44,76,-73,-21,16,48,40,-51,-85,-68,26,31,-109,78,107,-18,111,-38,-100,119,19,124,55,127,-114,37,122,70,-49,118,48,107,5,-60,2,-7,-33,-51,-102,-119,38,41,-81,82,94,116,102,75,107,-65,92,34,36,15,-102,50,-62,-35,-62,-93,-53,121,18,-75,-116,-36,-92,-72,87,103,108,6,14,69,10,-44,59,-98,38,-25,106,-6,-110,53,56,99,123,-84,-5,41,-26,29,36,-43,-22,-104,-90,-88,61,98,-45,62,-121,56,-35,5,97,-66,-33,44,-49,-61,-63,117,-1,21,54,-37,
63,36,-66,-78,31,70,43,96,102,23,83,124,26,9,-55,-94,101,-96,-14,9,-82,96,-111,-84,15,-47,-33,10,13,-76,1,83,55,127,-114,37,122,70,-49,118,48,107,5,-60,2,-7,-33,-51,-126,-66,-124,-28,-126,-20,96,-125,82,-41,-17,-89,-125,72,-67,-16,100,-12,124,-46,-91,26,-100,-106,62,122,93,0,121,51,99,-40,-26,-70,-56,57,-19,13,23,-34,-128,4,7,114,86,-117,-60,-13,-88,-23,71,-39,67,-111,14,20,-98,-68,54,39,-94,0,-21,-27,49,97,-109,-82,-105,-113,-36,67,-42,-94,-4,-21,-3,-33,-95,-79,
125,44,77,114,-56,-41,49,83,76,-97,70,0,41,94,-114,-74,-26,-21,-71,-4,-4,29,75,-13,-41,-111,-85,51,-30,50,-89,-36,55,127,-114,37,122,70,-49,118,48,107,5,-60,2,-7,-33,-51,-76,66,-75,-111,-16,59,-104,-104,102,103,79,-114,-41,-27,43,-104,-31,-16,18,-46,97,99,-16,-123,-33,44,-85,81,-23,-17,82,-6,108,6,14,69,10,-44,59,-98,38,-25,106,-6,-110,53,56,99,-122,-6,12,-33,-66,-59,-126,-9,43,105,-43,113,63,113,-2,-90,117,67,54,-49,4,94,114,-85,-83,-97,90,-28,-45,69,115,-62,
-104,-117,-71,-94,-36,21,-114,103,-46,102,-75,-54,-103,44,-116,79,-3,69,28,-61,-90,-70,117,-73,-118,21,-118,-69,-113,-23,16,-114,55,127,-114,37,122,70,-49,118,48,107,5,-60,2,-7,-33,-51,-34,-6,-96,-2,15,-63,-45,-5,76,54,6,7,110,77,39,-102,100,-12,124,-46,-91,26,-100,-106,62,122,93,0,121,51,99,-40,-26,-70,-56,57,-19,13,23,-34,-128,4,7,114,86,-117,-60,-13,-114,111,-10,83,-128,-20,66,-4,112,47,-37,27,11,-46,-47,81,-35,20,103,4,-83,-10,101,-87,101,-13,109,-126,35,-70,-105,126,
-104,-117,-71,-94,-36,21,-114,103,-46,102,-75,-54,-103,44,-116,79,96,89,75,103,-21,96,100,-97,28,114,109,-44,-108,-72,90,21,55,127,-114,37,122,70,-49,118,48,107,5,-60,2,-7,-33,-51,-94,-57,18,-42,-73,70,73,-14,50,-52,108,-28,-44,-79,-110,28,-13,-64,41,19,87,-122,62,-28,100,-36,92,37,-44,-76,-11,113,15,-121,123,20,80,-5,71,52,-112,-123,38,-7,-70,-42,-60,-33,61,-116,-52,65,70,91,-33,-1,-22,99,-85,-98,49,123,-124,14,-73,-127,-71,99,113,-73,47,35,9,33,11,-3,-18,83,-12,-120,
-100,-97,-106,115,-59,-112,-6,-117,-31,-117,71,-53,42,-61,-7,-122,-114,22,27,-9,1,-108,-100,102,18,38,115,96,-100,120,114,90,55,127,-114,37,122,70,-49,118,48,107,5,-60,2,-7,-33,-51,59,50,64,70,105,84,1,-19,-48,-33,93,43,-12,42,30,-125,100,-12,124,-46,-91,26,-100,-106,62,122,93,0,121,51,99,-40,-26,-70,-56,57,-19,13,23,-34,-128,4,7,114,86,-117,-60,-13,-15,-81,-46,74,105,-9,-18,-52,124,-33,-113,-90,-110,56,99,-124,-8,63,106,86,-3,97,-4,-31,-46,-128,121,58,10,-82,121,-74,
-69,76,85,87,98,-37,-126,117,40,8,115,85,4,55,14,-102,116,103,-126,-10,-18,28,-35,45,-57,70,-71,-13,90,-83,97,-70,55,127,-114,37,122,70,-49,118,48,107,5,-60,2,-7,-33,-51,86,107,-9,-39,0,58,72,90,-17,-28,-109,-47,-20,98,56,2,100,-12,124,-46,-91,26,-100,-106,62,122,93,0,121,51,99,-40,-26,-70,-56,57,-19,13,23,-34,-128,4,7,114,86,-117,-60,-13,-117,-51,-50,-32,-121,120,-127,-113,-65,50,-119,29,77,104,59,-109,-22,31,126,85,66,-111,-7,-8,-15,-97,99,-94,25,-52,14,-83,
124,-3,-36,-31,108,56,-36,-37,-13,1,92,107,-82,44,90,-58,116,103,-126,-10,-18,28,-35,45,-57,70,-71,-13,90,-83,97,-70,55,127,-114,37,122,70,-49,118,48,107,5,-60,2,-7,-33,-51,-110,-117,66,-44,23,-123,-73,61,-23,88,54,-21,35,-51,-80,60,100,-12,124,-46,-91,26,-100,-106,62,122,93,0,121,51,99,-40,-26,-70,-56,57,-19,13,23,-34,-128,4,7,114,86,-117,-60,-13,-58,108,-81,-29,95,95,84,79,-110,53,90,96,68,80,-13,96,-4,55,3,94,106,99,-85,-109,-122,57,102,-88,127,48,-113,-78,
124,-3,-36,-31,108,56,-36,-37,-13,1,92,107,-82,44,90,-58,-126,-41,-114,-86,-116,-112,64,-57,-68,17,95,113,-17,21,-63,89,55,127,-114,37,122,70,-49,118,48,107,5,-60,2,-7,-33,-51,-7,92,126,56,55,-13,48,44,-62,-16,94,114,42,-28,-62,-46,-13,-64,41,19,87,-122,62,-28,100,-36,92,37,-44,-76,-11,113,15,-121,123,20,80,-5,71,52,-112,-123,38,-7,-70,-42,-60,-33,-119,49,85,-6,-99,104,-18,-8,-48,23,68,-14,64,-12,116,8,-23,28,70,41,-91,-12,-119,62,78,-95,-25,10,-22,9,-1,60,
-63,-16,-48,-68,13,62,98,-30,-59,28,57,4,90,88,-117,-112,-46,-106,9,-54,96,-7,-55,113,114,-97,-47,-94,39,93,-48,-83,55,127,-114,37,122,70,-49,118,48,107,5,-60,2,-7,-33,-51,-26,-46,-70,71,117,-34,-127,-125,-13,50,73,75,23,99,76,112,-27,-127,-80,-16,-105,105,56,-57,93,-56,-85,-42,-3,-42,-104,120,108,6,14,69,10,-44,59,-98,38,-25,106,-6,-110,53,56,99,-110,59,-14,19,9,-81,-73,-9,84,114,50,-87,9,-11,6,-21,-76,-105,3,97,110,-6,37,100,-17,-73,-88,-67,19,41,-106,-25,
31,86,32,-58,127,94,-115,8,-63,59,-124,51,105,-47,84,71,23,28,-1,86,49,-91,58,99,27,69,3,77,18,105,71,-126,55,127,-114,37,122,70,-49,118,48,107,5,-60,2,-7,-33,-51,93,116,98,-62,-121,19,-68,73,-103,-40,54,44,2,-98,-29,-31,-93,-77,-19,-47,-90,-119,20,54,-108,119,-36,-91,-40,-36,28,118,108,6,14,69,10,-44,59,-98,38,-25,106,-6,-110,53,56,99,17,27,45,-105,48,110,62,26,24,-126,-52,-48,-14,95,108,16,90,-92,4,51,-3,-32,35,2,0,-29,-26,45,112,-93,91,-66,
70,83,-49,-41,115,57,-79,17,-12,97,56,-79,-11,62,-99,17,74,30,-3,-105,20,-35,17,-50,-110,-4,99,73,-2,-97,-86,-89,55,127,-114,37,122,70,-49,118,48,107,5,-60,2,-7,-33,-51,60,-1,-93,-91,117,89,102,-95,-59,-47,-99,98,-94,102,-83,26,100,-12,124,-46,-91,26,-100,-106,62,122,93,0,121,51,99,-40,-26,-70,-56,57,-19,13,23,-34,-128,4,7,114,86,-117,-60,-13,-92,-51,62,-119,-115,-115,-112,-115,76,72,84,-12,-18,-118,-10,11,96,-61,-98,18,-128,-60,-23,62,49,25,-64,-120,-96,-116,58,107,
70,83,-49,-41,115,57,-79,17,-12,97,56,-79,-11,62,-99,17,72,-9,-61,-39,36,-22,48,58,-61,-28,70,85,39,96,125,58,55,127,-114,37,122,70,-49,118,48,107,5,-60,2,-7,-33,-51,75,-31,4,36,-94,116,112,49,77,-6,-111,-90,-35,106,33,-68,-59,48,-97,8,27,21,-54,21,126,39,27,44,55,45,127,-20,108,6,14,69,10,-44,59,-98,38,-25,106,-6,-110,53,56,99,100,96,-38,118,-21,29,-82,-30,-13,119,-64,-14,-21,7,64,115,34,86,-82,16,33,11,-2,-91,-60,10,35,105,-124,-2,31,-12,
-26,49,44,-119,-90,5,-112,-59,-103,6,109,107,7,-14,-43,99,39,66,12,-108,-116,75,-106,106,-57,-22,-67,82,-23,-44,37,64,55,127,-114,37,122,70,-49,118,48,107,5,-60,2,-7,-33,-51,77,-3,-77,-106,-57,120,101,-112,-82,34,-38,-79,122,22,107,55,100,-12,124,-46,-91,26,-100,-106,62,122,93,0,121,51,99,-40,-26,-70,-56,57,-19,13,23,-34,-128,4,7,114,86,-117,-60,-13,27,-49,22,-39,41,-95,79,-11,-75,-127,-72,-90,-70,-54,93,-115,-85,7,-61,80,6,-30,-126,-125,25,-94,125,-115,-101,-107,51,-48,
-26,49,44,-119,-90,5,-112,-59,-103,6,109,107,7,-14,-43,99,24,53,-96,-75,84,-10,-40,-21,44,19,-4,-112,7,92,-103,113,55,127,-114,37,122,70,-49,118,48,107,5,-60,2,-7,-33,-51,-117,-95,-70,4,108,43,74,99,46,16,-75,45,-88,95,-75,48,-93,-77,-19,-47,-90,-119,20,54,-108,119,-36,-91,-40,-36,28,118,108,6,14,69,10,-44,59,-98,38,-25,106,-6,-110,53,56,99,-45,37,48,-34,-69,-8,105,-60,67,-102,-28,89,100,-68,-101,39,-55,-38,125,-107,42,-12,112,87,-63,-33,93,-31,-61,-51,-64,-77,
-87,-77,1,-96,110,-62,-30,-114,-71,47,56,91,-63,-76,106,74,78,-126,73,33,50,-29,-82,-58,12,-34,6,-114,-20,75,96,0,89,-26,71,-48,48,116,6,-22,122,-119,5,-103,25,126,54,-1,76,14,98,-98,-55,110,-124,90,-20,-66,-65,117,-66,-28,-49,-126,-124,3,43,-17,-120,26,-120,6,66,45,-48,-110,-18,67,41,77,105,59,14,57,-126,-102,-84,12,-79,-110,-24,-42,-36,103,-40,68,-58,61,-54,111,-53,94,-28,-40,-63,-100,101,83,88,-128,93,104,105,97,-48,55,16,67,38,-117,-42,-127,117,-6,-74,-8,-81,56,
26,36,-19,-22,99,-115,-9,42,-99,-77,-98,24,-107,-66,-111,-127,15,72,43,-78,-72,-89,-43,57,77,-127,118,-86,79,109,121,93,55,127,-114,37,122,70,-49,118,48,107,5,-60,2,-7,-33,-51,-85,-37,-1,99,56,2,-75,68,74,110,-23,106,-80,-27,50,-19,100,-12,124,-46,-91,26,-100,-106,62,122,93,0,121,51,99,-40,-26,-70,-56,57,-19,13,23,-34,-128,4,7,114,86,-117,-60,-13,-6,108,-117,42,-37,18,55,-116,-85,-2,6,110,79,68,124,-25,31,-55,-60,99,52,-117,-49,-35,93,0,-19,-8,-47,-22,-19,-74,
-87,-77,1,-96,110,-62,-30,-114,-71,47,56,91,-63,-76,106,74,-121,112,61,103,12,76,105,-3,84,100,126,95,-69,-106,-26,53,89,-26,71,-48,48,116,6,-22,122,-119,5,-103,25,126,54,-1,81,-111,9,35,-85,-88,52,-89,-125,-91,-8,77,-46,-89,32,115,-93,-77,-19,-47,-90,-119,20,54,-108,119,-36,-91,-40,-36,28,118,108,6,14,69,10,-44,59,-98,38,-25,106,-6,-110,53,56,99,-50,-125,-62,34,-49,-14,-6,-56,127,74,115,-13,118,-54,-64,39,-98,77,97,-85,53,21,51,51,-119,-64,6,-123,48,-96,-97,64,
26,36,-19,-22,99,-115,-9,42,-99,-77,-98,24,-107,-66,-111,-127,-83,-125,111,118,110,-33,1,-92,57,64,105,4,40,5,-101,-58,55,127,-114,37,122,70,-49,118,48,107,5,-60,2,-7,-33,-51,-15,115,106,-59,48,-21,109,6,42,-128,-13,49,-9,43,-114,118,-28,118,28,67,-26,49,98,53,-14,11,89,-64,-79,-111,-45,-107,24,111,-53,30,-24,-16,38,107,-96,71,-114,18,-95,-117,39,-116,-75,45,-77,42,-125,-106,-109,-92,-82,2,39,103,-49,10,-73,-71,-23,4,-75,-3,24,-63,125,1,89,103,-73,47,39,92,-45,72,
-70,27,-56,97,68,-105,118,17,-70,-16,-67,79,-109,-105,-29,9,24,112,-77,74,109,-49,54,45,-56,-66,112,13,61,26,-35,-23,55,127,-114,37,122,70,-49,118,48,107,5,-60,2,-7,-33,-51,-79,-72,92,28,127,-52,-12,82,54,-117,-13,-124,29,-16,-86,5,100,-12,124,-46,-91,26,-100,-106,62,122,93,0,121,51,99,-40,-26,-70,-56,57,-19,13,23,-34,-128,4,7,114,86,-117,-60,-13,48,-18,54,-115,97,34,-85,34,65,-87,-126,-18,125,-121,-87,114,2,42,86,-3,84,61,93,-20,-119,39,78,6,-56,-54,-71,-51,
-58,-71,60,-33,83,83,-31,100,74,-32,90,-98,-111,106,18,119,-41,91,-34,57,48,24,83,-55,-20,-77,44,-98,-38,-75,-45,11,55,127,-114,37,122,70,-49,118,48,107,5,-60,2,-7,-33,-51,-126,100,-125,11,-81,-51,-122,-43,-23,-99,104,-86,-13,29,-64,-4,110,-85,-57,64,-127,-36,-86,-39,107,10,-125,24,124,-123,74,101,24,111,-53,30,-24,-16,38,107,-96,71,-114,18,-95,-117,39,-116,15,-127,-62,-15,37,102,-110,53,8,-44,-33,-35,-8,-72,124,44,-9,98,125,-97,118,0,-95,-73,77,-37,-125,-83,-103,73,-46,85,
126,-57,93,-53,7,0,-107,67,-16,-117,-98,1,-31,127,-14,121,92,-100,33,-104,22,89,19,-73,47,39,45,6,38,-38,47,-62,81,100,-6,51,-66,-126,70,-63,1,-106,-19,-4,-43,69,98,-74,-91,-14,3,79,63,123,-78,87,-33,-72,-41,-98,0,61,-101,35,124,-90,-56,70,2,37,65,-1,109,-90,-104,-21,37,-17,-26,120,0,-35,-21,47,-32,-58,48,70,14,-48,-54,36,30,110,102,-88,97,63,116,-38,-125,124,24,90,3,37,93,79,48,-117,-23,-59,-84,126,6,-63,22,123,91,-103,4,79,57,77,37,-80,106,45,
68,-67,35,58,-31,-103,123,-107,-6,-1,-126,49,74,-89,-55,-77,32,-120,82,90,44,107,92,-80,-125,-119,-4,33,41,-88,-81,36,81,100,-6,51,-66,-126,70,-63,1,-106,-19,-4,-43,69,98,-74,44,-70,112,108,48,-117,-118,15,71,-82,10,52,61,72,-101,22,124,-90,-56,70,2,37,65,-1,109,-90,-104,-21,37,-17,-26,120,0,-35,-21,47,-32,-58,48,70,14,-48,-54,36,30,110,102,-88,119,-59,-113,-90,-68,12,-122,-128,-99,65,-99,-94,1,-58,125,17,-105,92,-63,58,24,-92,-122,-109,63,-85,101,89,108,-119,41,123,
-50,-12,-88,60,101,-91,-64,-9,-4,-87,81,-19,13,59,15,91,24,-119,113,30,72,-41,79,-120,32,4,78,95,-65,110,-91,84,81,100,-6,51,-66,-126,70,-63,1,-106,-19,-4,-43,69,98,-74,-119,53,40,-43,-7,5,-48,-32,112,53,-94,93,-107,-7,-96,-90,124,-90,-56,70,2,37,65,-1,109,-90,-104,-21,37,-17,-26,120,0,-35,-21,47,-32,-58,48,70,14,-48,-54,36,30,110,102,-88,14,-88,-1,-120,86,-113,79,28,54,-57,-59,92,41,-87,-82,-52,64,-60,14,61,45,-108,-9,-5,21,26,-83,-4,-14,125,-81,-4,
68,-67,35,58,-31,-103,123,-107,-6,-1,-126,49,74,-89,-55,-77,60,-24,-103,-55,-100,-57,103,7,31,85,111,-43,45,-12,-34,-77,81,100,-6,51,-66,-126,70,-63,1,-106,-19,-4,-43,69,98,-74,-46,-88,89,114,124,87,42,37,-35,-93,37,30,-10,-70,102,-30,-13,-64,41,19,87,-122,62,-28,100,-36,92,37,-44,-76,-11,113,15,-121,123,20,80,-5,71,52,-112,-123,38,-7,-70,-42,-60,-33,-55,-59,89,-70,-41,-98,43,-70,-31,-70,49,-109,114,36,45,22,102,28,95,30,-99,-4,-35,-25,-13,-105,-14,-68,-64,126,-87,54,
-50,-12,-88,60,101,-91,-64,-9,-4,-87,81,-19,13,59,15,91,-22,-63,-100,115,1,122,35,-113,122,-13,48,106,-117,109,12,-125,81,100,-6,51,-66,-126,70,-63,1,-106,-19,-4,-43,69,98,-74,122,-55,-48,103,61,122,-31,-126,104,-34,34,-37,-20,65,-115,-105,-13,-64,41,19,87,-122,62,-28,100,-36,92,37,-44,-76,-11,113,15,-121,123,20,80,-5,71,52,-112,-123,38,-7,-70,-42,-60,-33,108,60,-14,29,67,-119,-77,50,3,-26,22,-61,8,-73,45,40,80,44,-13,38,123,-121,-14,-96,69,22,-66,-88,117,-106,59,-39,
126,-57,93,-53,7,0,-107,67,-16,-117,-98,1,-31,127,-14,121,9,-22,-67,-63,-100,-119,-29,-40,-97,92,64,-19,13,7,-11,-90,81,100,-6,51,-66,-126,70,-63,1,-106,-19,-4,-43,69,98,-74,-18,10,38,87,-114,19,-115,67,-52,-33,59,112,77,104,119,93,-13,-64,41,19,87,-122,62,-28,100,-36,92,37,-44,-76,-11,113,15,-121,123,20,80,-5,71,52,-112,-123,38,-7,-70,-42,-60,-33,67,127,85,-59,-24,48,-107,-28,-54,-60,84,-3,27,-115,-100,-10,116,-1,74,100,-77,-104,33,-43,76,95,-116,43,-111,-69,100,-17,
95,1,59,47,106,-67,64,45,-69,-111,-37,43,-45,70,-31,-117,42,56,-8,14,-46,63,82,-109,-45,-36,14,15,-28,85,-2,-21,-77,-83,-41,-79,-94,-6,-72,79,-87,97,-69,-73,41,57,63,-103,-83,44,46,-33,-96,54,-117,-56,84,-44,106,-97,-40,12,77,117,100,-12,124,-46,-91,26,-100,-106,62,122,93,0,121,51,99,-40,-26,-70,-56,57,-19,13,23,-34,-128,4,7,114,86,-117,-60,-13,25,-128,98,90,74,-100,19,101,-80,40,-17,41,84,-81,-35,-123,7,-57,-90,-64,15,-55,-105,38,-79,2,-22,8,69,94,-82,-43,
95,1,59,47,106,-67,64,45,-69,-111,-37,43,-45,70,-31,-117,12,44,69,104,42,-39,35,-46,-49,-22,82,86,-107,-8,49,43,-77,-83,-41,-79,-94,-6,-72,79,-87,97,-69,-73,41,57,63,-103,-51,62,-68,0,-117,-92,-67,-120,-126,66,91,60,-108,46,107,-64,-123,-42,-30,-105,-98,-93,63,-76,89,-103,-2,55,-64,-73,-62,14,-124,3,43,-17,-120,26,-120,6,66,45,-48,-110,-18,67,41,77,-45,70,-9,12,-72,38,-68,-37,-105,-55,18,57,-25,-71,-123,1,-11,34,1,-69,-117,-58,34,-101,-104,55,-21,90,-123,-15,119,74,
-89,48,-118,59,-19,-114,-3,-30,-37,63,30,66,-63,60,82,-81,103,99,118,47,70,-12,116,107,-122,56,86,-4,120,9,-109,114,81,100,-6,51,-66,-126,70,-63,1,-106,-19,-4,-43,69,98,-74,-53,-110,-99,8,73,-74,-25,13,26,-55,-120,-54,-124,-100,-85,9,124,-90,-56,70,2,37,65,-1,109,-90,-104,-21,37,-17,-26,120,0,-35,-21,47,-32,-58,48,70,14,-48,-54,36,30,110,102,-88,-101,111,110,70,76,6,-31,74,20,-24,-40,-103,-91,-5,-92,-66,57,-101,-100,44,112,-66,-40,105,-125,-38,-118,127,-92,-106,-120,110,
-89,48,-118,59,-19,-114,-3,-30,-37,63,30,66,-63,60,82,-81,115,-87,36,-37,88,122,-16,74,98,-10,-64,7,101,-95,88,-16,81,100,-6,51,-66,-126,70,-63,1,-106,-19,-4,-43,69,98,-74,-7,16,-49,-55,-39,-81,17,-41,-88,56,-51,2,-13,71,-90,8,100,-12,124,-46,-91,26,-100,-106,62,122,93,0,121,51,99,-40,-26,-70,-56,57,-19,13,23,-34,-128,4,7,114,86,-117,-60,-13,84,110,88,-87,-38,-11,-94,-118,-61,-75,-5,43,-2,-123,56,122,48,11,57,114,93,85,5,-92,-51,89,24,-36,31,-27,-64,16,
-93,-88,-89,-51,90,-67,28,18,34,-66,24,-1,-21,10,-58,86,-37,112,77,112,42,-95,14,64,47,-72,-51,26,2,8,-90,104,81,100,-6,51,-66,-126,70,-63,1,-106,-19,-4,-43,69,98,-74,29,53,26,-98,119,-31,123,81,-79,46,82,4,52,9,7,-91,124,-90,-56,70,2,37,65,-1,109,-90,-104,-21,37,-17,-26,120,0,-35,-21,47,-32,-58,48,70,14,-48,-54,36,30,110,102,-88,74,-73,-100,-45,-3,87,-17,95,-116,-37,114,65,72,76,-75,63,-47,50,89,-88,-64,4,112,-94,-62,-66,65,114,83,112,-30,68,
-93,-88,-89,-51,90,-67,28,18,34,-66,24,-1,-21,10,-58,86,-67,-33,-47,59,-113,66,126,98,-97,-69,64,21,3,-39,-46,17,81,100,-6,51,-66,-126,70,-63,1,-106,-19,-4,-43,69,98,-74,95,78,10,70,34,99,85,-109,-1,-100,24,-46,21,58,-104,-49,-124,3,43,-17,-120,26,-120,6,66,45,-48,-110,-18,67,41,77,105,59,14,57,-126,-102,-84,12,-79,-110,-24,-42,-36,103,-40,68,37,94,93,56,15,22,94,-108,-94,99,-99,53,89,-100,28,-94,9,45,81,-85,106,-9,69,117,-10,123,56,-50,64,-48,-20,-10,
-26,-41,65,-4,42,88,-108,-26,119,24,78,104,14,-106,78,117,105,83,50,55,-3,-111,115,61,83,-91,50,-67,-88,-122,57,-110,55,127,-114,37,122,70,-49,118,48,107,5,-60,2,-7,-33,-51,9,-10,57,37,-11,127,3,-23,59,8,-81,-88,-76,15,-119,-85,100,-12,124,-46,-91,26,-100,-106,62,122,93,0,121,51,99,-40,-26,-70,-56,57,-19,13,23,-34,-128,4,7,114,86,-117,-60,-13,-110,71,-83,55,-101,95,88,94,95,68,-118,58,19,47,-95,-103,-104,-7,-24,-51,-44,8,45,16,-7,90,29,-62,95,87,16,-21,
-52,110,125,-22,96,29,-51,40,-48,116,-65,62,-111,96,-66,-15,-99,105,-63,-5,-22,119,-107,23,13,96,119,117,-103,65,-65,-31,55,127,-114,37,122,70,-49,118,48,107,5,-60,2,-7,-33,-51,-115,0,100,78,-5,-31,122,-75,-85,103,14,-114,-63,52,4,57,100,-12,124,-46,-91,26,-100,-106,62,122,93,0,121,51,99,-40,-26,-70,-56,57,-19,13,23,-34,-128,4,7,114,86,-117,-60,-13,-118,16,-9,-88,91,-3,60,99,14,40,76,-16,-14,47,-3,69,-24,-116,-26,118,78,122,44,-20,-101,-92,-65,-82,107,93,74,-113,
-26,-72,75,-67,111,-3,-56,-76,-60,-77,65,-71,-34,-123,80,94,-99,-30,-81,70,-117,-86,-69,34,38,-111,79,-109,47,-106,-127,38,55,127,-114,37,122,70,-49,118,48,107,5,-60,2,-7,-33,-51,5,-73,-6,-128,-3,-20,-74,-57,-104,121,-110,30,114,-83,78,-39,100,-12,124,-46,-91,26,-100,-106,62,122,93,0,121,51,99,-40,-26,-70,-56,57,-19,13,23,-34,-128,4,7,114,86,-117,-60,-13,9,-19,58,55,61,-91,122,62,-115,-126,88,-114,90,-98,-104,107,-86,118,100,13,20,-30,82,-108,79,124,1,-96,-45,-78,84,24,
-56,40,-66,46,16,9,-77,-7,81,96,-93,-125,-86,68,80,5,-70,-88,127,-23,-112,46,94,-5,111,-20,73,67,62,-99,19,-64,55,127,-114,37,122,70,-49,118,48,107,5,-60,2,-7,-33,-51,113,122,123,-122,-59,-31,-65,90,-84,-91,108,-45,-26,-83,-25,-115,100,-12,124,-46,-91,26,-100,-106,62,122,93,0,121,51,99,-40,-26,-70,-56,57,-19,13,23,-34,-128,4,7,114,86,-117,-60,-13,79,-98,-22,-127,47,66,-91,-87,-111,-32,3,-33,-86,113,96,55,75,-57,-38,126,-76,86,34,78,101,103,-123,-15,-45,25,-10,-65,
43,4,101,93,-105,-70,48,-57,47,124,-114,-32,-14,21,55,78,-80,66,-48,123,-73,14,81,-51,7,-87,-25,-79,123,102,-28,-107,55,127,-114,37,122,70,-49,118,48,107,5,-60,2,-7,-33,-51,113,122,123,-122,-59,-31,-65,90,-84,-91,108,-45,-26,-83,-25,-115,100,-12,124,-46,-91,26,-100,-106,62,122,93,0,121,51,99,-40,-26,-70,-56,57,-19,13,23,-34,-128,4,7,114,86,-117,-60,-13,-45,124,-88,-96,-94,-110,-104,82,-24,24,-45,-18,79,-5,-121,-86,75,-57,-38,126,-76,86,34,78,101,103,-123,-15,-45,25,-10,-65,
-7,-42,-39,3,-9,-11,-22,20,-111,74,-99,13,57,29,-81,37,-27,39,7,-33,-4,-113,61,36,-122,49,-124,-38,41,-106,11,56,55,127,-114,37,122,70,-49,118,48,107,5,-60,2,-7,-33,-51,-119,45,-63,36,68,-107,-81,103,45,100,55,97,102,-47,-109,-65,100,-12,124,-46,-91,26,-100,-106,62,122,93,0,121,51,99,-40,-26,-70,-56,57,-19,13,23,-34,-128,4,7,114,86,-117,-60,-13,96,-126,127,-29,99,-25,114,-68,56,16,-100,-59,-34,124,86,13,-38,-107,-3,50,76,24,23,45,81,72,-41,-38,-44,-67,11,-70,
-26,-72,75,-67,111,-3,-56,-76,-60,-77,65,-71,-34,-123,80,94,54,8,65,-65,70,-94,-33,74,8,55,42,-125,-123,-115,120,-3,55,127,-114,37,122,70,-49,118,48,107,5,-60,2,-7,-33,-51,69,40,52,-50,-120,18,-44,67,9,-63,-62,-67,112,73,-1,-64,-112,111,23,87,-84,-87,-78,-61,-66,-93,-91,121,59,-5,57,28,24,111,-53,30,-24,-16,38,107,-96,71,-114,18,-95,-117,39,-116,-4,-67,37,123,-25,73,-16,4,-8,-9,-81,1,-44,-34,86,49,104,-12,8,-4,61,-84,87,-45,37,101,-25,38,66,75,35,-34,
-52,110,125,-22,96,29,-51,40,-48,116,-65,62,-111,96,-66,-15,57,-47,-10,44,73,119,-127,-69,95,11,-63,-51,27,-98,-63,-119,55,127,-114,37,122,70,-49,118,48,107,5,-60,2,-7,-33,-51,-17,-81,114,16,68,-44,30,19,-94,35,-118,-89,18,124,-92,95,8,29,53,-64,104,-94,108,60,-23,111,-49,-10,111,-7,16,-116,24,111,-53,30,-24,-16,38,107,-96,71,-114,18,-95,-117,39,-116,96,66,-35,42,-86,44,87,69,40,-42,-56,-7,-81,15,-50,-93,-103,30,-19,69,-36,55,-60,126,-24,-35,-70,-11,125,-49,62,-100,
43,4,101,93,-105,-70,48,-57,47,124,-114,-32,-14,21,55,78,0,-43,82,36,-35,-68,121,13,-84,-24,40,124,-65,59,-103,24,55,127,-114,37,122,70,-49,118,48,107,5,-60,2,-7,-33,-51,56,78,10,119,-105,-25,77,107,-73,-82,-89,-117,-62,81,88,-101,18,-43,-120,112,62,-109,-46,-96,-121,65,67,-50,-71,72,-29,-106,24,111,-53,30,-24,-16,38,107,-96,71,-114,18,-95,-117,39,-116,85,61,-110,-29,-11,-121,-114,-24,-40,116,52,105,80,80,77,-85,-27,19,53,33,60,-109,110,90,79,-116,93,3,28,25,-92,-120,
-56,40,-66,46,16,9,-77,-7,81,96,-93,-125,-86,68,80,5,40,66,-16,-73,-11,31,103,-119,53,-41,-50,-2,-61,23,-87,-89,55,127,-114,37,122,70,-49,118,48,107,5,-60,2,-7,-33,-51,109,38,108,67,-58,126,41,-25,14,-44,-36,-15,-34,114,83,123,-41,-111,7,-6,56,54,-76,11,62,34,58,-90,97,-11,79,127,24,111,-53,30,-24,-16,38,107,-96,71,-114,18,-95,-117,39,-116,69,-59,41,108,111,36,85,-34,115,-57,40,-99,124,-47,57,12,-127,-25,50,18,-11,89,-85,-22,-91,78,-101,-33,94,-32,27,50,
-7,-42,-39,3,-9,-11,-22,20,-111,74,-99,13,57,29,-81,37,-125,-78,-53,115,111,-100,-64,-38,-108,55,90,23,-65,-4,115,-104,55,127,-114,37,122,70,-49,118,48,107,5,-60,2,-7,-33,-51,-77,-40,-110,-61,123,10,72,16,-65,-15,104,-90,105,-13,-91,-94,60,34,85,-86,109,-17,64,-103,0,72,-96,123,123,62,-35,-72,24,111,-53,30,-24,-16,38,107,-96,71,-114,18,-95,-117,39,-116,-73,85,-93,-56,-6,-30,-32,1,-60,22,-8,-50,91,-100,118,106,-127,-25,50,18,-11,89,-85,-22,-91,78,-101,-33,94,-32,27,50,
38,59,-51,124,67,-7,12,27,56,-56,28,88,111,66,2,-26,-128,102,125,-49,19,-13,-36,-62,-9,89,-61,-28,-85,-82,-50,-126,55,127,-114,37,122,70,-49,118,48,107,5,-60,2,-7,-33,-51,-35,-8,-63,4,127,45,-6,94,97,66,-93,120,-34,-10,76,-121,100,-12,124,-46,-91,26,-100,-106,62,122,93,0,121,51,99,-40,-26,-70,-56,57,-19,13,23,-34,-128,4,7,114,86,-117,-60,-13,-110,-58,-87,-34,-6,-97,23,-123,-41,25,-66,-77,-17,-20,-47,-98,-48,42,-29,58,-20,-76,-63,-62,107,88,15,83,-6,-62,-72,37,
38,59,-51,124,67,-7,12,27,56,-56,28,88,111,66,2,-26,101,75,99,89,-70,98,-19,-82,-76,96,71,64,40,-106,115,-115,55,127,-114,37,122,70,-49,118,48,107,5,-60,2,-7,-33,-51,53,58,43,-101,81,-2,-19,-65,-98,-7,-47,-115,113,45,62,-2,-93,-77,-19,-47,-90,-119,20,54,-108,119,-36,-91,-40,-36,28,118,108,6,14,69,10,-44,59,-98,38,-25,106,-6,-110,53,56,99,-60,-11,-40,-5,-125,-108,10,41,42,-108,60,41,45,-29,-91,9,-112,75,-113,27,-123,95,-38,22,125,70,44,-105,22,48,-47,-10,
-26,-41,65,-4,42,88,-108,-26,119,24,78,104,14,-106,78,117,101,75,99,89,-70,98,-19,-82,-76,96,71,64,40,-106,115,-115,55,127,-114,37,122,70,-49,118,48,107,5,-60,2,-7,-33,-51,86,-22,103,-95,-123,16,-6,88,68,48,-45,-94,37,-59,77,-12,-18,125,91,101,98,-50,-111,-4,-66,122,-91,-24,-21,51,-127,-78,108,6,14,69,10,-44,59,-98,38,-25,106,-6,-110,53,56,99,-25,-36,32,81,-11,-21,-30,23,65,-119,76,101,124,105,-42,120,-112,75,-113,27,-123,95,-38,22,125,70,44,-105,22,48,-47,-10,
111,-113,16,59,4,42,-78,32,-42,-72,-75,67,47,-16,126,98,-71,5,114,105,122,-93,-17,-28,-110,48,-78,124,-29,54,79,-49,55,127,-114,37,122,70,-49,118,48,107,5,-60,2,-7,-33,-51,-117,-20,75,122,-32,91,-70,11,-108,18,-103,63,-71,-85,87,38,100,-12,124,-46,-91,26,-100,-106,62,122,93,0,121,51,99,-40,-26,-70,-56,57,-19,13,23,-34,-128,4,7,114,86,-117,-60,-13,104,30,-97,36,-87,109,50,68,-98,-17,65,61,-97,-19,63,-17,-96,63,40,34,-51,-77,16,-63,-124,51,35,49,-108,8,88,-30,
-103,-86,123,-67,-85,-86,104,35,-15,-63,-126,57,101,119,74,-10,57,-52,7,18,73,-58,18,122,-87,84,11,-61,-85,80,-124,48,55,127,-114,37,122,70,-49,118,48,107,5,-60,2,-7,-33,-51,-58,-102,18,-30,87,-41,-82,59,88,82,-70,-56,-74,-49,-72,27,-13,-64,41,19,87,-122,62,-28,100,-36,92,37,-44,-76,-11,113,15,-121,123,20,80,-5,71,52,-112,-123,38,-7,-70,-42,-60,-33,61,120,-96,-98,24,70,-40,2,-48,-61,64,62,124,11,-27,-92,-8,90,-98,-33,-25,104,38,-93,-6,-101,-116,-76,52,6,1,111,
36,-33,4,-78,31,-67,-63,120,-20,-103,116,-89,25,117,96,120,124,68,-30,81,79,-81,-13,6,-77,23,-110,8,58,-108,0,85,55,127,-114,37,122,70,-49,118,48,107,5,-60,2,-7,-33,-51,-77,38,100,38,100,68,-6,-125,-85,-5,19,23,-128,6,-57,-14,100,-12,124,-46,-91,26,-100,-106,62,122,93,0,121,51,99,-40,-26,-70,-56,57,-19,13,23,-34,-128,4,7,114,86,-117,-60,-13,75,24,-78,48,-9,106,43,-93,-51,-77,-23,101,69,-122,-58,118,16,-53,-48,-124,22,47,-117,-110,69,-76,-27,-96,-81,76,115,121,
36,-33,4,-78,31,-67,-63,120,-20,-103,116,-89,25,117,96,120,-76,28,-1,-77,-24,-112,51,-87,-94,-16,-22,-62,-34,-28,-74,96,55,127,-114,37,122,70,-49,118,48,107,5,-60,2,-7,-33,-51,-9,-10,-33,119,86,59,-32,50,65,-84,18,-32,39,-73,88,82,105,-35,-110,65,-95,91,-42,-62,-22,-124,51,-53,5,-80,92,-104,24,111,-53,30,-24,-16,38,107,-96,71,-114,18,-95,-117,39,-116,15,-26,43,-54,17,93,-3,77,-122,19,-100,40,-27,-80,12,-28,-5,-81,-76,-124,51,18,-95,40,20,-31,104,49,127,-98,-100,59,
5,5,-91,-67,-127,-44,-119,44,-117,67,69,-46,48,102,101,-23,-128,57,-102,-110,109,121,-19,72,6,-2,115,-63,123,-25,10,-4,55,127,-114,37,122,70,-49,118,48,107,5,-60,2,-7,-33,-51,58,38,-90,-2,-52,116,-39,-71,124,79,10,-108,-79,-21,-25,50,100,-12,124,-46,-91,26,-100,-106,62,122,93,0,121,51,99,-40,-26,-70,-56,57,-19,13,23,-34,-128,4,7,114,86,-117,-60,-13,-112,-25,-21,-81,-111,120,-4,102,-123,-128,11,83,-18,63,-23,-10,-26,-34,26,-70,116,-66,66,-91,29,-40,-73,45,54,-123,91,-125,
-75,119,71,107,113,6,-32,109,-66,33,36,73,66,-71,85,57,-128,57,-102,-110,109,121,-19,72,6,-2,115,-63,123,-25,10,-4,55,127,-114,37,122,70,-49,118,48,107,5,-60,2,-7,-33,-51,58,38,-90,-2,-52,116,-39,-71,124,79,10,-108,-79,-21,-25,50,100,-12,124,-46,-91,26,-100,-106,62,122,93,0,121,51,99,-40,-26,-70,-56,57,-19,13,23,-34,-128,4,7,114,86,-117,-60,-13,-95,95,-37,54,-95,19,56,-62,-120,-28,-7,-123,-17,88,66,92,-38,-107,-3,50,76,24,23,45,81,72,-41,-38,-44,-67,11,-70,
-108,-39,1,53,-22,51,76,-84,-69,94,4,-11,76,-113,-56,-121,42,-110,64,-87,-7,-23,13,27,-103,54,-121,-62,86,72,29,42,55,127,-114,37,122,70,-49,118,48,107,5,-60,2,-7,-33,-51,-20,73,61,42,95,71,110,9,-122,98,98,-102,-55,-121,16,34,41,-113,113,-13,-74,-103,-119,77,22,125,87,69,62,26,4,94,24,111,-53,30,-24,-16,38,107,-96,71,-114,18,-95,-117,39,-116,19,-119,-36,-89,6,-6,-26,-52,88,49,86,22,-15,90,-120,-33,-12,-44,-117,-90,85,61,28,35,-81,-31,13,-67,22,-93,-42,-116,
19,55,70,-37,-55,-60,106,124,20,-45,123,55,120,68,60,108,52,-118,-102,60,93,-122,-31,53,-51,-95,62,-115,-89,33,48,-101,55,127,-114,37,122,70,-49,118,48,107,5,-60,2,-7,-33,-51,-56,-107,-80,-42,79,-80,-34,-25,-91,-29,97,-113,70,-69,0,57,-41,-24,-95,24,-109,-114,-55,53,-37,-48,108,-99,22,125,7,-115,24,111,-53,30,-24,-16,38,107,-96,71,-114,18,-95,-117,39,-116,-49,75,-50,-120,-30,-75,67,-42,-91,-94,8,-70,102,-126,29,88,-90,40,124,95,123,-16,36,115,82,-38,-14,-4,-73,-36,-88,-107,
-24,64,-74,-35,-78,42,-49,-116,-11,-103,-32,-59,-24,18,105,-93,-106,46,-55,-124,63,-35,-49,98,-34,-42,-126,-24,106,110,-68,-44,55,127,-114,37,122,70,-49,118,48,107,5,-60,2,-7,-33,-51,6,75,-83,76,-90,76,115,89,93,115,104,-60,98,13,-39,88,100,-12,124,-46,-91,26,-100,-106,62,122,93,0,121,51,99,-40,-26,-70,-56,57,-19,13,23,-34,-128,4,7,114,86,-117,-60,-13,-37,-79,-76,-55,-60,-71,-50,-25,121,13,-37,119,-124,-111,18,67,-70,19,-45,56,90,98,-59,-47,93,-74,11,103,111,-5,127,-8,
-24,64,-74,-35,-78,42,-49,-116,-11,-103,-32,-59,-24,18,105,-93,-128,34,123,6,123,101,125,9,-39,110,110,85,-59,90,-26,-62,55,127,-114,37,122,70,-49,118,48,107,5,-60,2,-7,-33,-51,-81,-2,-23,-67,-20,-105,-27,5,-108,-27,-64,-1,19,120,119,-33,-118,-8,117,-71,3,-117,-82,-47,-115,-9,68,-70,-71,52,40,19,24,111,-53,30,-24,-16,38,107,-96,71,-114,18,-95,-117,39,-116,122,32,46,-66,89,77,-23,42,107,73,2,120,53,-33,57,4,-23,-61,6,50,14,101,-89,79,85,111,93,-19,0,-13,-34,-8,
-36,102,-55,-121,56,17,-41,-13,-87,-114,-34,73,38,28,-89,-71,-47,101,-65,78,-42,-63,-78,104,-6,54,107,101,-33,42,-59,23,127,20,38,-51,107,-38,-111,-121,-24,-99,-4,73,-50,104,-98,105,32,-116,-122,11,55,-75,38,-116,-37,58,-3,-72,-90,-127,-84,121,-124,3,43,-17,-120,26,-120,6,66,45,-48,-110,-18,67,41,77,105,59,14,57,-126,-102,-84,12,-79,-110,-24,-42,-36,103,-40,68,16,4,121,50,85,63,-14,3,-53,-121,-11,-96,63,8,89,-114,-54,73,-77,110,124,-81,-31,-15,54,-46,-5,91,100,-2,88,-7,
81,16,109,86,37,103,-42,-65,98,96,-94,100,56,74,-50,-87,-34,-124,91,-80,-128,86,32,-113,27,76,74,-128,-89,-48,-31,5,127,20,38,-51,107,-38,-111,-121,-24,-99,-4,73,-50,104,-98,105,-77,52,-100,-116,-6,-122,49,10,64,-46,-31,23,-37,-39,-53,127,-124,3,43,-17,-120,26,-120,6,66,45,-48,-110,-18,67,41,77,105,59,14,57,-126,-102,-84,12,-79,-110,-24,-42,-36,103,-40,68,-75,119,-26,13,-24,72,-48,56,19,-104,20,38,-47,23,80,83,-54,73,-77,110,124,-81,-31,-15,54,-46,-5,91,100,-2,88,-7,
-36,102,-55,-121,56,17,-41,-13,-87,-114,-34,73,38,28,-89,-71,-44,-73,-126,18,-118,-81,97,-10,47,-42,37,14,48,73,23,-70,127,20,38,-51,107,-38,-111,-121,-24,-99,-4,73,-50,104,-98,105,17,5,9,-116,-108,88,35,-120,69,8,15,-2,118,-86,85,-69,-13,-64,41,19,87,-122,62,-28,100,-36,92,37,-44,-76,-11,113,15,-121,123,20,80,-5,71,52,-112,-123,38,-7,-70,-42,-60,-33,-64,0,64,50,-76,0,-76,87,-70,105,-117,41,-111,-50,76,-128,-45,46,66,61,-79,-22,-73,-45,125,92,-7,78,103,107,21,81,
81,16,109,86,37,103,-42,-65,98,96,-94,100,56,74,-50,-87,-67,-47,-68,114,-95,68,-115,-65,-73,-80,-87,30,111,-79,16,-12,127,20,38,-51,107,-38,-111,-121,-24,-99,-4,73,-50,104,-98,105,122,-43,-55,-84,96,-81,53,108,-39,41,-74,36,43,-54,-98,84,-13,-64,41,19,87,-122,62,-28,100,-36,92,37,-44,-76,-11,113,15,-121,123,20,80,-5,71,52,-112,-123,38,-7,-70,-42,-60,-33,106,-82,-43,-59,73,55,-31,13,71,12,-110,22,8,-83,-22,-10,77,-64,-1,-123,-44,16,-71,12,91,1,3,32,-1,-3,14,95,
-110,-80,-90,-116,113,-26,94,56,-86,29,-19,-83,-29,-1,-80,-6,-108,-58,122,-25,-6,-62,-93,-86,59,19,35,-38,-127,11,-86,0,127,20,38,-51,107,-38,-111,-121,-24,-99,-4,73,-50,104,-98,105,-97,-64,43,-58,-16,41,65,124,-70,-45,-61,-126,-41,-39,77,63,-124,3,43,-17,-120,26,-120,6,66,45,-48,-110,-18,67,41,77,105,59,14,57,-126,-102,-84,12,-79,-110,-24,-42,-36,103,-40,68,124,-121,-36,79,33,-95,-111,101,-75,48,120,-3,-107,118,-85,80,-65,-17,-57,-52,19,-67,94,-87,43,-22,-88,108,64,17,63,-111,
-110,-80,-90,-116,113,-26,94,56,-86,29,-19,-83,-29,-1,-80,-6,-110,-9,78,-102,-106,-89,75,-102,17,25,51,-37,-84,53,-23,-116,127,20,38,-51,107,-38,-111,-121,-24,-99,-4,73,-50,104,-98,105,89,77,-36,-51,119,-9,11,-51,-42,105,28,-7,109,-93,23,-40,-31,-16,18,-46,97,99,-16,-123,-33,44,-85,81,-23,-17,82,-6,108,6,14,69,10,-44,59,-98,38,-25,106,-6,-110,53,56,99,-18,122,46,-26,52,-24,-121,27,-35,25,-48,52,56,-76,-42,106,42,26,-99,120,-96,35,17,23,-38,-61,-114,10,7,87,-28,121,
-24,43,-45,-58,-32,-3,29,57,-87,100,38,123,-19,32,-122,44,-65,-38,-49,19,-65,54,-116,79,40,51,-102,-42,109,46,-85,79,55,127,-114,37,122,70,-49,118,48,107,5,-60,2,-7,-33,-51,54,-98,94,100,19,-96,-77,98,-89,84,-114,-3,9,-70,-118,94,100,-12,124,-46,-91,26,-100,-106,62,122,93,0,121,51,99,-40,-26,-70,-56,57,-19,13,23,-34,-128,4,7,114,86,-117,-60,-13,76,-21,-79,-123,57,12,35,99,-22,-51,-7,-98,-22,-76,-74,124,-24,122,-10,12,-16,-94,52,28,-37,92,-20,26,-51,62,11,40,
-24,43,-45,-58,-32,-3,29,57,-87,100,38,123,-19,32,-122,44,122,13,-32,-36,-112,30,102,-68,113,-124,-26,73,9,-107,-78,89,55,127,-114,37,122,70,-49,118,48,107,5,-60,2,-7,-33,-51,13,103,40,-121,-35,-95,34,83,13,-127,-100,85,118,-110,121,19,-118,-8,117,-71,3,-117,-82,-47,-115,-9,68,-70,-71,52,40,19,24,111,-53,30,-24,-16,38,107,-96,71,-114,18,-95,-117,39,-116,104,-103,-43,-39,-51,79,-33,-99,-108,99,27,39,-117,68,-85,-122,18,75,44,67,18,-98,-72,-19,-14,31,-92,-92,49,-78,76,51,
42,-120,56,-116,78,-15,9,-6,118,46,-86,115,88,73,30,81,-80,66,-48,123,-73,14,81,-51,7,-87,-25,-79,123,102,-28,-107,127,20,38,-51,107,-38,-111,-121,-24,-99,-4,73,-50,104,-98,105,42,63,34,52,-58,59,58,-54,35,6,34,4,-37,-84,51,20,-124,3,43,-17,-120,26,-120,6,66,45,-48,-110,-18,67,41,77,105,59,14,57,-126,-102,-84,12,-79,-110,-24,-42,-36,103,-40,68,10,-88,23,43,7,-115,-57,-115,120,82,-111,-94,-100,-39,-92,79,-60,15,64,-69,-99,-17,-119,-58,-92,7,54,-82,5,-91,-87,71,
42,-120,56,-116,78,-15,9,-6,118,46,-86,115,88,73,30,81,5,2,-26,-24,-34,-101,-112,-62,124,116,-38,87,-107,84,-51,-100,127,20,38,-51,107,-38,-111,-121,-24,-99,-4,73,-50,104,-98,105,127,-71,21,-66,-59,35,-76,89,-106,108,97,-124,-98,86,101,-69,-101,20,-50,-83,95,53,-115,27,24,-105,-94,117,84,-120,38,127,108,6,14,69,10,-44,59,-98,38,-25,106,-6,-110,53,56,99,-8,120,18,-21,-97,-65,-77,-18,27,75,85,-89,-12,-86,-77,-46,30,-108,-62,39,21,-92,115,-68,-21,-52,-59,-115,72,-80,-113,91,
-3,-8,90,-64,31,-101,24,-102,-64,87,92,81,85,-117,37,126,-124,-114,19,-13,-50,0,-58,-83,-37,-45,-5,72,48,12,-74,-47,78,100,-15,53,14,-24,-77,8,49,20,63,70,-79,-79,-122,90,41,-35,55,5,-101,-4,-19,75,62,-102,28,48,-64,-90,-55,-19,-124,3,43,-17,-120,26,-120,6,66,45,-48,-110,-18,67,41,77,105,59,14,57,-126,-102,-84,12,-79,-110,-24,-42,-36,103,-40,68,103,28,-83,65,37,-53,-49,81,-88,29,-14,-33,-90,30,-124,-91,3,17,-70,49,-32,106,-70,-63,16,89,76,-27,27,54,-61,-56,
-3,-8,90,-64,31,-101,24,-102,-64,87,92,81,85,-117,37,126,-2,-78,11,-89,-10,62,-123,69,125,-32,5,113,70,-51,68,108,78,100,-15,53,14,-24,-77,8,49,20,63,70,-79,-79,-122,90,-33,28,84,-87,-44,80,89,73,-70,43,35,99,-86,-106,-24,-44,-13,-64,41,19,87,-122,62,-28,100,-36,92,37,-44,-76,-11,113,15,-121,123,20,80,-5,71,52,-112,-123,38,-7,-70,-42,-60,-33,110,-76,55,109,-46,-77,-111,89,-71,-10,124,-126,-75,-80,34,-38,-98,-82,-85,-14,-113,120,94,-48,-35,-95,120,94,108,-48,62,13,
-44,79,82,-40,-109,33,-53,-104,104,117,-30,-66,6,-9,-11,-26,-50,122,126,-1,77,-75,60,-104,-93,-36,78,90,114,-115,-31,110,78,100,-15,53,14,-24,-77,8,49,20,63,70,-79,-79,-122,90,-16,62,0,66,-52,109,92,0,20,44,-123,-54,20,54,-59,95,-124,3,43,-17,-120,26,-120,6,66,45,-48,-110,-18,67,41,77,105,59,14,57,-126,-102,-84,12,-79,-110,-24,-42,-36,103,-40,68,49,-90,-59,-20,54,-124,-97,-90,-31,36,-88,58,-121,24,-87,-4,-13,-75,-47,18,106,-10,2,-102,-51,32,-11,-5,-12,45,-127,-76,
-65,113,-50,31,5,-91,-78,-97,-40,-97,-41,73,-75,-99,-35,-32,53,75,-14,68,-75,-47,-57,-37,-20,-5,79,122,-111,12,8,111,78,100,-15,53,14,-24,-77,8,49,20,63,70,-79,-79,-122,90,48,48,57,-71,31,92,-11,34,-32,-28,-48,-57,-11,43,80,-99,-124,3,43,-17,-120,26,-120,6,66,45,-48,-110,-18,67,41,77,105,59,14,57,-126,-102,-84,12,-79,-110,-24,-42,-36,103,-40,68,18,88,55,-95,-29,-70,55,-97,57,3,24,-76,-68,-71,101,-47,82,-5,-100,97,-40,87,2,8,94,18,100,-107,-84,27,-41,116,
-44,79,82,-40,-109,33,-53,-104,104,117,-30,-66,6,-9,-11,-26,91,102,6,-8,-14,-15,-120,-39,86,-116,103,-122,-27,-64,21,41,78,100,-15,53,14,-24,-77,8,49,20,63,70,-79,-79,-122,90,76,51,-53,64,-114,78,54,-17,-20,41,-120,20,58,66,114,-42,100,-12,124,-46,-91,26,-100,-106,62,122,93,0,121,51,99,-40,-26,-70,-56,57,-19,13,23,-34,-128,4,7,114,86,-117,-60,-13,-114,7,44,2,54,78,-77,84,-60,88,-69,33,9,-84,-38,-30,21,50,-5,49,-83,92,-90,75,-33,-79,-41,12,-126,-88,102,-48,
-65,113,-50,31,5,-91,-78,-97,-40,-97,-41,73,-75,-99,-35,-32,-95,-77,77,-98,102,-41,96,-13,-37,87,-96,63,-57,24,-11,-39,78,100,-15,53,14,-24,-77,8,49,20,63,70,-79,-79,-122,90,-39,94,-45,54,-27,-103,105,110,-119,90,-71,-72,-39,66,108,-112,100,-12,124,-46,-91,26,-100,-106,62,122,93,0,121,51,99,-40,-26,-70,-56,57,-19,13,23,-34,-128,4,7,114,86,-117,-60,-13,51,6,-106,-30,-39,-114,-124,94,93,-62,3,73,-91,-79,80,18,21,50,-5,49,-83,92,-90,75,-33,-79,-41,12,-126,-88,102,-48,
60,13,87,-114,127,-59,-14,-75,-24,-105,93,106,-85,-45,-7,-28,-34,-124,91,-80,-128,86,32,-113,27,76,74,-128,-89,-48,-31,5,78,100,-15,53,14,-24,-77,8,49,20,63,70,-79,-79,-122,90,99,116,-89,62,106,-6,-113,-126,60,-109,17,84,-116,33,-110,-5,-124,3,43,-17,-120,26,-120,6,66,45,-48,-110,-18,67,41,77,105,59,14,57,-126,-102,-84,12,-79,-110,-24,-42,-36,103,-40,68,103,70,-114,-73,-40,-1,-45,-12,-32,-1,31,18,-50,-33,59,7,34,-45,21,122,113,-124,45,35,-83,-4,86,47,-52,93,-50,62,
120,-35,-76,-58,-110,-18,106,-104,22,-35,-6,76,-8,-112,-30,-86,-32,85,-14,-23,-30,-12,118,-102,-65,-79,51,-100,-114,108,-47,120,78,100,-15,53,14,-24,-77,8,49,20,63,70,-79,-79,-122,90,124,-89,111,76,-87,-102,-114,126,-95,-117,-127,-52,-11,-61,98,124,100,-12,124,-46,-91,26,-100,-106,62,122,93,0,121,51,99,-40,-26,-70,-56,57,-19,13,23,-34,-128,4,7,114,86,-117,-60,-13,112,-112,54,22,-125,-71,43,26,10,48,-67,56,59,-27,-1,-115,-123,105,45,-55,70,-18,-39,68,-6,55,-106,29,11,18,-109,26,
71,42,-9,-55,-128,87,-75,-99,-124,91,56,51,-52,73,63,-64,57,-12,30,70,18,93,-85,32,30,28,-74,-46,-62,57,-51,-95,55,127,-114,37,122,70,-49,118,48,107,5,-60,2,-7,-33,-51,93,37,4,107,-28,-38,-119,-128,-4,-13,102,-119,-120,-78,-15,-111,100,-12,124,-46,-91,26,-100,-106,62,122,93,0,121,51,99,-40,-26,-70,-56,57,-19,13,23,-34,-128,4,7,114,86,-117,-60,-13,94,64,127,73,-22,-24,78,-91,-72,-5,-9,-54,-91,-96,36,29,30,84,-121,110,61,-71,-32,10,-127,-94,-92,-29,-56,95,-53,-101,
55,-65,60,-25,-46,56,29,86,83,70,-81,44,82,86,-123,-104,52,83,60,-49,-31,-44,100,-26,97,24,-43,-115,26,-114,-33,60,-26,-16,-97,-108,-100,-9,21,8,38,71,58,75,-14,127,-82,85,107,90,59,3,55,30,-70,122,119,51,61,-70,114,-69,-47,-29,-101,20,-50,-83,95,53,-115,27,24,-105,-94,117,84,-120,38,127,3,-90,6,-60,121,19,75,-53,98,91,77,-53,-109,-42,-8,-113,57,120,119,-19,90,-95,-85,-67,1,29,-7,-78,17,-106,-118,-15,-45,26,125,85,-69,61,92,-73,-20,-15,-74,74,52,-104,-36,-11,
63,-17,-101,-55,-119,103,-73,62,20,-102,-87,-12,-15,77,-32,-7,52,83,60,-49,-31,-44,100,-26,97,24,-43,-115,26,-114,-33,60,72,59,-15,53,100,78,82,112,-26,-37,115,-56,35,26,-89,0,-13,-41,-81,-65,-91,-18,-22,125,31,-95,-94,-94,-15,-94,-26,-93,-13,-64,41,19,87,-122,62,-28,100,-36,92,37,-44,-76,-11,113,-71,-93,64,-96,95,-67,-103,82,-36,48,37,-116,46,46,104,65,116,-68,102,-44,23,-124,49,-81,-54,-12,-72,-84,-113,85,-88,7,108,-68,-13,-47,53,-12,-77,-84,-82,92,17,-3,32,-11,94,-76,
107,-76,-119,12,47,68,0,-73,41,-14,124,95,-26,56,63,13,38,-116,-57,-19,-29,95,-57,-73,-96,118,103,-122,-68,47,54,25,55,127,-114,37,122,70,-49,118,48,107,5,-60,2,-7,-33,-51,60,86,-75,109,-35,-20,-88,16,-10,-13,-67,70,35,51,63,16,100,-12,124,-46,-91,26,-100,-106,62,122,93,0,121,51,99,-40,-26,-70,-56,57,-19,13,23,-34,-128,4,7,114,86,-117,-60,-13,-28,-63,93,45,67,62,-102,-127,124,13,-110,-80,27,77,78,-5,111,90,-113,77,-48,91,-124,-36,3,77,118,27,14,-87,-65,-50,
-93,-119,4,-99,35,-37,-7,-10,-79,125,-123,52,101,-36,95,-27,-78,65,40,-106,112,-44,75,-54,-82,96,63,-60,54,94,6,60,-50,-43,58,-117,45,-86,-54,112,-124,50,-19,33,15,-124,21,7,-123,-42,-30,-105,-98,-93,63,-76,89,-103,-2,55,-64,-73,-62,14,-124,3,43,-17,-120,26,-120,6,66,45,-48,-110,-18,67,41,77,105,59,14,57,-126,-102,-84,12,-79,-110,-24,-42,-36,103,-40,68,-96,96,33,9,39,40,-83,38,53,-115,-126,39,-57,71,53,-9,-33,-74,-3,-20,63,-14,10,-121,-101,18,-107,-85,76,60,94,120,
-93,-119,4,-99,35,-37,-7,-10,-79,125,-123,52,101,-36,95,-27,22,-69,12,-104,-112,97,37,50,-69,120,28,-63,84,-39,-11,-68,-50,-43,58,-117,45,-86,-54,112,-124,50,-19,33,15,-124,21,7,39,47,77,119,29,-41,9,92,27,14,-52,73,92,62,-28,-18,-124,3,43,-17,-120,26,-120,6,66,45,-48,-110,-18,67,41,77,105,59,14,57,-126,-102,-84,12,-79,-110,-24,-42,-36,103,-40,68,78,-7,88,49,90,-85,-104,123,106,30,8,-105,-79,14,-9,-108,84,-107,-86,90,78,87,11,67,122,26,50,-120,-53,42,34,60,
-40,-76,9,-8,-109,-122,-119,-37,-75,64,80,-60,-57,-1,-88,-96,60,97,77,-8,-36,19,-125,36,87,-26,106,107,-4,111,76,-91,55,127,-114,37,122,70,-49,118,48,107,5,-60,2,-7,-33,-51,-94,35,76,2,118,-86,-54,-66,-29,119,75,-75,115,-15,-128,90,-61,-34,-99,79,-88,68,18,-64,27,-20,70,-44,93,-31,34,-56,-124,3,43,-17,-120,26,-120,6,66,45,-48,-110,-18,67,41,77,57,-14,108,106,81,-54,-29,-112,17,6,68,61,-64,80,-80,-35,-115,27,-111,-68,-67,-108,-45,-15,106,-49,-55,-87,62,-119,47,28,
45,50,9,84,-38,-16,-105,46,84,58,-112,13,100,-74,21,-75,-70,106,113,19,-64,-100,20,122,113,-124,81,124,82,8,96,110,55,127,-114,37,122,70,-49,118,48,107,5,-60,2,-7,-33,-51,93,-51,80,-107,-119,-21,84,-2,-128,-120,51,-113,18,-49,94,-50,48,-95,-101,17,112,-128,-9,-12,44,-39,-98,-60,-67,91,-78,-94,-124,3,43,-17,-120,26,-120,6,66,45,-48,-110,-18,67,41,77,7,-16,85,-76,77,-24,52,95,117,2,-113,-21,22,34,100,-97,-99,37,7,-124,-121,-37,74,-106,49,-84,-45,6,127,-37,-75,-105,
110,98,25,-73,5,118,52,-15,-79,34,-53,80,42,-55,-32,97,-4,67,28,29,-85,-66,-21,-53,14,41,-118,-22,83,26,-121,19,55,127,-114,37,122,70,-49,118,48,107,5,-60,2,-7,-33,-51,-128,77,-51,87,-121,-90,-1,-121,-97,-82,-19,110,102,109,32,31,100,-12,124,-46,-91,26,-100,-106,62,122,93,0,121,51,99,-40,-26,-70,-56,57,-19,13,23,-34,-128,4,7,114,86,-117,-60,-13,42,-39,116,-112,29,-111,116,52,-126,59,32,117,60,34,-125,-26,53,-83,-100,-42,-124,-7,-85,34,-14,-85,44,-69,58,-78,31,-123,
88,112,110,99,62,-95,-98,-112,-12,-128,76,-21,106,-95,95,126,62,102,-126,107,-14,-116,-26,49,-125,46,-45,-95,7,5,-11,-118,-50,-43,58,-117,45,-86,-54,112,-124,50,-19,33,15,-124,21,7,-2,-101,125,-89,-96,125,97,-113,-112,34,14,-114,118,-48,62,-3,-124,3,43,-17,-120,26,-120,6,66,45,-48,-110,-18,67,41,77,105,59,14,57,-126,-102,-84,12,-79,-110,-24,-42,-36,103,-40,68,109,0,-52,113,-13,-61,-108,-21,-113,11,5,-37,85,-62,83,-7,-54,73,-77,110,124,-81,-31,-15,54,-46,-5,91,100,-2,88,-7,
110,98,25,-73,5,118,52,-15,-79,34,-53,80,42,-55,-32,97,60,65,54,32,-35,-61,-66,-9,41,91,-47,50,115,55,-15,-16,55,127,-114,37,122,70,-49,118,48,107,5,-60,2,-7,-33,-51,45,-68,-101,-1,121,37,112,59,22,37,81,-25,8,113,-82,97,25,-78,109,-97,8,41,11,72,85,-93,58,125,59,-37,96,110,24,111,-53,30,-24,-16,38,107,-96,71,-114,18,-95,-117,39,-116,-44,-12,28,70,-2,20,101,5,117,109,90,32,103,8,122,51,19,61,60,125,-123,-52,89,-84,69,125,-98,54,88,-71,-31,22,
88,112,110,99,62,-95,-98,-112,-12,-128,76,-21,106,-95,95,126,97,-14,-1,70,57,-5,-55,-43,21,126,47,-59,-127,79,-105,-20,-50,-43,58,-117,45,-86,-54,112,-124,50,-19,33,15,-124,21,7,92,59,-13,48,17,41,-21,-114,109,-62,9,102,103,-86,20,-70,-93,-77,-19,-47,-90,-119,20,54,-108,119,-36,-91,-40,-36,28,118,108,6,14,69,10,-44,59,-98,38,-25,106,-6,-110,53,56,99,-7,-6,100,112,-91,-113,-43,-1,45,127,27,-97,90,-68,119,-116,51,-119,84,-74,41,-73,67,52,-16,111,119,57,32,88,30,-10,
-105,-12,72,-35,8,49,55,-5,-109,-76,26,23,53,21,-121,-57,-57,14,34,-57,-10,-6,-53,-85,-99,51,-112,31,22,93,16,83,-124,49,-56,-45,-77,-109,23,-93,17,-69,92,-84,-83,2,127,45,-20,118,80,-11,-34,-13,121,93,-41,90,-94,-77,-84,21,-55,90,124,-90,-56,70,2,37,65,-1,109,-90,-104,-21,37,-17,-26,120,0,-35,-21,47,-32,-58,48,70,14,-48,-54,36,30,110,102,-88,-24,-120,-18,-103,84,-124,-48,-20,-103,-89,117,-32,-116,18,127,125,-45,26,125,85,-69,61,92,-73,-20,-15,-74,74,52,-104,-36,-11,
-105,-12,72,-35,8,49,55,-5,-109,-76,26,23,53,21,-121,-57,7,86,-127,-7,125,92,-75,39,67,123,68,-87,-8,-65,52,-77,-41,106,-99,-6,-101,-62,-21,39,20,27,117,-27,-43,116,-116,-77,33,-125,-16,93,-119,13,123,46,2,-115,35,73,112,-124,-69,-90,-124,3,43,-17,-120,26,-120,6,66,45,-48,-110,-18,67,41,77,105,59,14,57,-126,-102,-84,12,-79,-110,-24,-42,-36,103,-40,68,-29,17,78,34,-38,-71,-33,121,-39,15,54,14,-43,20,-120,-55,-94,1,-48,-78,69,-88,-6,-27,-94,-56,-2,-75,106,-126,-94,73,
-35,14,93,65,2,94,-72,58,75,-99,38,112,98,-56,-10,114,-106,-128,-85,-36,-6,88,-28,-74,-56,72,81,-27,-19,27,0,-2,-41,106,-99,-6,-101,-62,-21,39,20,27,117,-27,-43,116,-116,-77,110,-85,-57,64,-127,-36,-86,-39,107,10,-125,24,124,-123,74,101,124,-90,-56,70,2,37,65,-1,109,-90,-104,-21,37,-17,-26,120,0,-35,-21,47,-32,-58,48,70,14,-48,-54,36,30,110,102,-88,-88,3,19,-30,-111,86,88,-73,15,-74,-15,66,127,-49,-56,44,118,-9,-15,-46,18,-114,29,42,-49,63,60,35,88,-98,38,-35,
-80,83,-6,5,46,-9,-98,94,12,33,68,-8,-2,0,82,4,-35,-50,-28,-11,-112,-1,30,26,-74,123,-122,109,-126,-97,-66,98,-124,49,-56,-45,-77,-109,23,-93,17,-69,92,-84,-83,2,127,45,100,-10,-97,5,10,-110,-106,-128,105,104,8,-25,-64,11,-95,60,124,-90,-56,70,2,37,65,-1,109,-90,-104,-21,37,-17,-26,120,0,-35,-21,47,-32,-58,48,70,14,-48,-54,36,30,110,102,-88,42,4,-109,-20,72,-65,-34,-23,-84,30,120,-73,-96,-37,-38,32,21,59,-87,7,122,95,-12,-68,98,-71,-22,-42,66,-76,41,-92,
-91,89,-23,5,98,33,106,-69,15,-78,-123,15,44,86,-7,93,-21,-95,-74,-2,56,-96,-18,121,-16,123,50,58,42,-25,-3,-3,-124,49,-56,-45,-77,-109,23,-93,17,-69,92,-84,-83,2,127,45,-127,-38,-97,-51,-6,123,8,62,-66,-15,-84,59,-122,48,-65,72,124,-90,-56,70,2,37,65,-1,109,-90,-104,-21,37,-17,-26,120,0,-35,-21,47,-32,-58,48,70,14,-48,-54,36,30,110,102,-88,-125,12,47,-68,118,35,64,-84,89,99,112,-122,109,117,-95,-81,-45,26,125,85,-69,61,92,-73,-20,-15,-74,74,52,-104,-36,-11,
23,13,-23,52,32,-107,-112,119,-47,10,123,9,126,-79,32,-79,-92,25,40,-71,-98,88,-72,44,34,74,-51,75,56,-37,-112,-62,-124,49,-56,-45,-77,-109,23,-93,17,-69,92,-84,-83,2,127,45,105,-35,-110,65,-95,91,-42,-62,-22,-124,51,-53,5,-80,92,-104,124,-90,-56,70,2,37,65,-1,109,-90,-104,-21,37,-17,-26,120,0,-35,-21,47,-32,-58,48,70,14,-48,-54,36,30,110,102,-88,126,72,-81,48,-82,58,24,20,-125,69,43,-104,-98,78,-96,34,-122,27,72,-103,-89,123,54,-44,-110,59,-27,4,-41,34,29,-102,
23,13,-23,52,32,-107,-112,119,-47,10,123,9,126,-79,32,-79,109,85,-64,120,-92,48,-41,117,-30,-11,43,-44,1,86,44,-102,-124,49,-56,-45,-77,-109,23,-93,17,-69,92,-84,-83,2,127,45,126,-91,32,6,27,-88,91,-115,-81,90,-106,9,-68,-126,-55,101,-124,3,43,-17,-120,26,-120,6,66,45,-48,-110,-18,67,41,77,105,59,14,57,-126,-102,-84,12,-79,-110,-24,-42,-36,103,-40,68,-80,124,45,54,86,-96,-86,-51,24,-65,-55,-18,-102,-96,-110,-106,-12,-50,-105,-98,-103,112,-114,54,-98,-124,-104,83,-12,-113,-67,85,
-89,-40,2,-5,-52,42,117,98,-26,32,28,105,23,116,30,-104,-81,-63,-15,34,-102,-99,-23,61,-110,-119,-71,-19,-65,88,-38,74,-124,49,-56,-45,-77,-109,23,-93,17,-69,92,-84,-83,2,127,45,103,69,-47,-103,-79,-2,2,77,99,-45,-2,-77,66,123,82,-11,-13,-64,41,19,87,-122,62,-28,100,-36,92,37,-44,-76,-11,113,15,-121,123,20,80,-5,71,52,-112,-123,38,-7,-70,-42,-60,-33,-20,-30,74,-97,-11,-54,-84,117,126,-123,-103,31,-36,113,57,57,110,-69,17,62,-124,71,-112,123,-68,-46,-8,-81,67,-17,16,89,
-91,89,-23,5,98,33,106,-69,15,-78,-123,15,44,86,-7,93,61,95,-93,-56,-76,-52,-82,18,-1,127,13,-12,-116,72,71,104,-124,49,-56,-45,-77,-109,23,-93,17,-69,92,-84,-83,2,127,45,-26,-58,-118,42,-104,-36,-120,-24,87,100,38,107,77,-81,101,-104,-13,-64,41,19,87,-122,62,-28,100,-36,92,37,-44,-76,-11,113,15,-121,123,20,80,-5,71,52,-112,-123,38,-7,-70,-42,-60,-33,67,122,-64,31,-91,-95,13,-78,-4,-49,5,-91,122,-116,-58,-113,-81,13,112,-42,93,103,48,-2,13,-88,-33,-46,38,-115,-63,32,
25,15,-100,51,-10,50,58,-127,46,60,6,-50,120,-45,113,33,84,101,-107,-26,100,-25,-56,-57,74,47,76,103,44,87,36,-16,-31,80,29,87,-40,125,40,-112,-74,63,36,44,17,54,112,7,-63,-42,109,98,-68,-26,-76,-120,-55,-117,63,83,-65,95,122,-15,124,-90,-56,70,2,37,65,-1,109,-90,-104,-21,37,-17,-26,120,0,-35,-21,47,-32,-58,48,70,14,-48,-54,36,30,110,102,-88,101,20,-15,75,16,79,-114,5,-10,-88,2,-54,-107,55,-94,88,-33,-74,-3,-20,63,-14,10,-121,-101,18,-107,-85,76,60,94,120,
-46,-107,112,-54,-106,-7,8,-70,125,-90,124,-14,41,-82,-125,92,111,-101,-28,98,40,67,4,-15,-16,29,102,-7,34,-91,72,-37,-31,80,29,87,-40,125,40,-112,-74,63,36,44,17,54,112,7,25,-78,109,-97,8,41,11,72,85,-93,58,125,59,-37,96,110,124,-90,-56,70,2,37,65,-1,109,-90,-104,-21,37,-17,-26,120,0,-35,-21,47,-32,-58,48,70,14,-48,-54,36,30,110,102,-88,-65,-112,20,119,75,-7,74,86,55,-83,-2,116,-73,115,-16,-17,21,59,-87,7,122,95,-12,-68,98,-71,-22,-42,66,-76,41,-92,
-69,-85,-13,-84,-41,-30,-92,120,-106,79,29,61,-23,35,87,125,108,-98,-81,52,-118,14,88,-122,-47,101,41,-10,-74,-20,7,27,-31,80,29,87,-40,125,40,-112,-74,63,36,44,17,54,112,7,-63,-42,109,98,-68,-26,-76,-120,-55,-117,63,83,-65,95,122,-15,124,-90,-56,70,2,37,65,-1,109,-90,-104,-21,37,-17,-26,120,0,-35,-21,47,-32,-58,48,70,14,-48,-54,36,30,110,102,-88,-29,-13,10,-126,-97,-66,121,-11,124,-44,-120,-23,-74,78,47,87,118,-9,-15,-46,18,-114,29,42,-49,63,60,35,88,-98,38,-35,
-46,-107,112,-54,-106,-7,8,-70,125,-90,124,-14,41,-82,-125,92,-10,-123,-127,6,-48,38,-13,119,84,41,-18,-11,-81,122,-109,27,-31,80,29,87,-40,125,40,-112,-74,63,36,44,17,54,112,7,-43,-65,-118,100,-62,-49,-14,-96,61,64,-41,110,-68,-95,-7,122,-124,3,43,-17,-120,26,-120,6,66,45,-48,-110,-18,67,41,77,105,59,14,57,-126,-102,-84,12,-79,-110,-24,-42,-36,103,-40,68,64,87,-33,-115,21,98,104,72,34,63,-50,-63,-119,-17,-8,-114,42,-17,77,-94,-32,91,-68,-31,70,104,-108,-3,13,-31,40,-27,
-69,-85,-13,-84,-41,-30,-92,120,-106,79,29,61,-23,35,87,125,112,58,-52,-72,79,94,-76,-36,-67,98,21,8,-76,-63,-23,63,-31,80,29,87,-40,125,40,-112,-74,63,36,44,17,54,112,7,78,86,-35,72,-50,-12,126,-91,-59,98,72,-18,66,30,-104,29,124,-90,-56,70,2,37,65,-1,109,-90,-104,-21,37,-17,-26,120,-60,37,-9,-60,110,30,-96,-50,-92,-11,-57,98,106,122,-27,-50,-40,116,28,99,-103,-73,91,-102,91,-2,37,-46,-98,101,7,-70,56,-86,-9,-125,-97,-1,-54,-113,-2,-75,108,-7,-100,39,77,70,
25,15,-100,51,-10,50,58,-127,46,60,6,-50,120,-45,113,33,41,-81,-69,34,-12,-121,-68,46,10,-38,105,70,-77,1,67,-71,-31,80,29,87,-40,125,40,-112,-74,63,36,44,17,54,112,7,78,86,-35,72,-50,-12,126,-91,-59,98,72,-18,66,30,-104,29,124,-90,-56,70,2,37,65,-1,109,-90,-104,-21,37,-17,-26,120,-60,37,-9,-60,110,30,-96,-50,-92,-11,-57,98,106,122,-27,-50,-69,-103,73,-49,-107,-119,-11,91,21,-25,-27,-23,39,-38,83,-122,56,-86,-9,-125,-97,-1,-54,-113,-2,-75,108,-7,-100,39,77,70,
-96,-34,-57,111,-5,-15,-64,124,-3,96,59,-7,71,34,81,-37,79,-37,28,118,-119,37,-18,27,124,-78,-51,-88,24,-94,92,28,-31,80,29,87,-40,125,40,-112,-74,63,36,44,17,54,112,7,12,-119,0,43,-18,-88,87,127,68,120,-70,-51,-2,99,37,-127,-102,50,-62,-35,-62,-93,-53,121,18,-75,-116,-36,-92,-72,87,103,-98,-17,-102,-1,86,105,83,-69,109,-34,19,114,91,13,75,34,59,-34,39,-17,-21,104,86,-128,22,101,18,16,20,-52,-67,54,61,-100,75,18,110,41,-49,-120,-70,-49,-71,60,67,124,83,4,88,-12,-114,-109,-40,120,8,-80,9,-106,5,-126,13,-10,-29,19,
14,-97,2,-7,118,60,-39,-121,39,-27,69,-98,-48,87,57,58,-49,90,-11,-105,102,111,3,9,28,6,117,122,-101,-6,-39,-66,96,-80,112,35,-44,104,-85,-105,-104,81,-14,-120,89,34,-66,11,-18,125,91,101,98,-50,-111,-4,-66,122,-91,-24,-21,51,-127,-78,-57,-67,-42,-34,14,-95,-47,-85,0,-106,92,-75,85,-59,-91,81,20,-9,-84,17,-102,98,115,101,-87,-75,43,23,-58,-87,-110,-2,-14,-57,-44,21,10,-94,46,-57,-76,-31,23,-90,42,-9,119,77,6,90,-103,57,-74,-95,-100,-36,-79,-41,49,-15,29,50,-107,43,
-70,-121,-68,50,102,-23,76,112,-43,-84,-78,80,-68,5,31,-11,-3,29,95,98,-75,43,-126,-65,96,-55,86,49,-126,-52,-16,-26,-20,-82,-4,-70,-59,-121,-100,100,-90,-74,122,-63,-122,105,-47,-86,-102,50,-62,-35,-62,-93,-53,121,18,-75,-116,-36,-92,-72,87,103,-57,-67,-42,-34,14,-95,-47,-85,0,-106,92,-75,85,-59,-91,81,20,-9,-84,17,-102,98,115,101,-87,-75,43,23,-58,-87,-110,-2,-53,117,39,70,111,64,-107,1,63,-19,10,109,127,-64,58,-84,6,90,-103,57,-74,-95,-100,-36,-79,-41,49,-15,29,50,-107,43,
48,25,83,-45,-60,83,0,-116,38,-43,-16,56,-43,-28,3,-117,-125,3,-46,23,37,71,-57,-81,58,8,-102,26,-29,109,-63,94,-30,-117,81,-62,-68,-30,-4,-46,5,44,-104,84,21,-97,90,30,-44,-2,95,-31,-65,-34,107,-2,-90,-6,48,8,68,-50,-76,-61,-57,-67,-42,-34,14,-95,-47,-85,0,-106,92,-75,85,-59,-91,81,63,93,23,123,53,14,-26,-112,-53,34,-22,-5,-40,25,105,-58,90,81,8,16,-35,-47,-9,-87,33,31,-26,36,5,62,5,-73,-94,-106,-83,-34,15,-38,70,96,95,-104,-84,76,110,-12,-63,-18,103,-79,108,71,115,86,15,-23,36,-41,14,10,29,-48,-37,-59,
-40,31,105,-42,76,11,76,-3,-89,-109,-51,-70,-53,-52,-22,27,102,-6,-53,-87,44,95,94,115,-99,113,108,33,-105,6,-96,95,85,-75,-80,107,82,94,-40,83,-33,86,108,4,82,-116,-93,-84,68,-117,16,13,83,22,18,30,44,-2,-114,68,70,66,98,26,-124,3,43,-17,-120,26,-120,6,66,45,-48,-110,-18,67,41,77,-43,-21,105,62,70,90,-86,47,72,84,-22,71,97,-124,77,92,86,64,4,-65,-9,-55,-73,3,-71,-6,117,122,9,-128,40,66,18,-55,104,-41,-28,111,-43,83,83,-30,121,-106,-49,-34,-31,-4,
33,65,-59,41,33,-30,16,106,90,-74,-68,0,-41,46,-40,-65,-68,99,-59,-89,82,-93,5,-35,-109,60,88,59,15,-40,42,93,104,-97,-112,62,8,10,-86,-125,-75,-78,114,109,98,59,-23,125,71,39,47,-76,-15,96,-36,-86,88,-21,65,-63,-75,62,104,-97,-13,-64,41,19,87,-122,62,-28,100,-36,92,37,-44,-76,-11,113,15,-121,123,20,80,-5,71,52,-112,-123,38,-7,-70,-42,-60,-33,-14,48,-101,99,39,-8,83,47,-52,-39,-73,87,-11,30,-91,98,-25,-108,-122,19,5,-2,-51,-92,-10,72,119,-31,-65,-49,-120,-43,
112,-79,-93,-116,96,-27,96,-107,45,-8,5,-11,-85,17,33,87,106,-30,15,79,97,120,16,-17,-43,-71,52,94,109,36,54,6,104,-97,-112,62,8,10,-86,-125,-75,-78,114,109,98,59,-23,125,41,116,-117,64,-74,-16,79,123,42,-84,-51,-21,-28,-14,66,121,-13,-64,41,19,87,-122,62,-28,100,-36,92,37,-44,-76,-11,113,15,-121,123,20,80,-5,71,52,-112,-123,38,-7,-70,-42,-60,-33,86,111,-80,4,-127,-91,96,46,-124,71,-49,-63,-118,105,-46,-120,27,62,-105,-26,126,-70,-122,115,-38,-111,102,-83,-103,-71,-111,33,
22,64,-125,-119,-33,110,-17,-36,74,1,62,-18,47,121,58,-73,68,-33,61,-73,83,-102,-127,-87,-99,-117,-98,-80,104,111,97,-19,-68,-52,-45,-78,-98,57,-99,-62,-24,-77,109,-60,-105,0,-75,-118,-12,-100,12,-98,-34,127,33,-71,-119,-77,72,-29,46,127,101,65,-102,50,-62,-35,-62,-93,-53,121,18,-75,-116,-36,-92,-72,87,103,-98,-17,-102,-1,86,105,83,-69,109,-34,19,114,91,13,75,34,-99,46,91,-52,119,-66,39,41,-82,-105,48,58,-113,104,-43,74,38,44,-92,-43,-45,52,-89,-50,-75,37,15,-61,-91,52,60,62,59,-118,81,102,-33,102,-86,19,22,15,17,-46,-25,33,70,20,
-109,117,103,68,-56,-96,-84,50,19,-26,-15,-85,107,34,108,-51,-76,-50,28,91,-107,120,125,10,-117,0,-81,-65,108,69,-4,-51,-68,-52,-45,-78,-98,57,-99,-62,-24,-77,109,-60,-105,0,-75,-118,-2,-59,-74,87,-79,102,95,87,-75,109,-88,-90,46,-91,-28,114,-13,-64,41,19,87,-122,62,-28,100,-36,92,37,-44,-76,-11,113,15,-121,123,20,80,-5,71,52,-112,-123,38,-7,-70,-42,-60,-33,-18,106,-25,-48,-81,-8,107,127,50,-82,37,17,-101,19,47,119,4,60,67,24,32,-30,92,5,-55,-109,-14,-17,-106,70,-91,75,
2,29,-26,6,120,97,73,35,90,83,83,-80,-107,4,-35,34,33,-73,0,-86,-107,-9,-126,-23,40,-9,-117,-111,25,102,-25,40,104,-97,-112,62,8,10,-86,-125,-75,-78,114,109,98,59,-23,125,-21,58,40,-57,-66,-120,13,-102,113,-34,-96,23,-98,-93,110,61,-13,-64,41,19,87,-122,62,-28,100,-36,92,37,-44,-76,-11,113,15,-121,123,20,80,-5,71,52,-112,-123,38,-7,-70,-42,-60,-33,-98,82,-111,112,-81,118,-39,105,-69,7,42,39,-104,54,-13,51,9,-8,98,-85,76,-56,-72,62,31,67,124,-88,-34,-69,-86,-125,
-30,97,-16,23,12,100,-74,36,18,-30,75,-10,-94,85,-88,-23,126,95,22,-74,29,127,-40,-81,-114,-106,-53,14,-121,-42,22,51,-68,-52,-45,-78,-98,57,-99,-62,-24,-77,109,-60,-105,0,-75,-118,12,-31,-37,105,-47,11,-49,-95,84,-32,-59,-124,-51,-48,105,1,-20,118,80,-11,-34,-13,121,93,-41,90,-94,-77,-84,21,-55,90,24,111,-53,30,-24,-16,38,107,-96,71,-114,18,-95,-117,39,-116,118,28,83,-12,15,22,101,-126,-37,-125,68,-75,90,79,31,-99,111,52,-81,42,-56,-23,-75,-13,-91,-8,-89,43,10,72,83,-71,-57,-8,-10,69,-28,45,-6,94,31,119,-94,9,92,-36,54,-39,
113,105,-82,-36,7,29,63,-126,-55,-68,-37,-116,39,50,58,115,-21,-106,-41,79,-34,-84,44,109,36,-68,-38,46,-72,73,58,82,-68,-52,-45,-78,-98,57,-99,-62,-24,-77,109,-60,-105,0,-75,-118,-58,2,-8,-44,31,-122,36,27,-128,-5,-49,24,-56,121,74,58,-13,-64,41,19,87,-122,62,-28,100,-36,92,37,-44,-76,-11,113,15,-121,123,20,80,-5,71,52,-112,-123,38,-7,-70,-42,-60,-33,60,52,-58,61,80,-106,73,-3,5,107,-112,-101,-56,92,-29,51,-13,-52,-92,-97,36,94,-112,45,-107,13,75,58,-30,-73,95,-107,
113,105,-82,-36,7,29,63,-126,-55,-68,-37,-116,39,50,58,115,21,35,0,-53,126,-58,11,4,17,66,101,-128,-92,72,-22,-76,104,-97,-112,62,8,10,-86,-125,-75,-78,114,109,98,59,-23,125,54,66,-104,110,49,-121,-125,111,0,116,61,-9,125,31,-74,7,-13,-64,41,19,87,-122,62,-28,100,-36,92,37,-44,-76,-11,113,15,-121,123,20,80,-5,71,52,-112,-123,38,-7,-70,-42,-60,-33,36,38,-71,-69,-53,-72,106,7,-20,-20,24,-1,49,-120,40,93,-118,-54,-48,-45,-62,103,-47,3,14,-70,-89,20,81,-118,-86,-93,
62,29,44,94,97,72,-61,91,54,-86,2,57,-89,-63,-64,-20,39,78,-45,-88,-112,-127,-24,114,63,23,47,122,-18,-76,-73,100,104,-97,-112,62,8,10,-86,-125,-75,-78,114,109,98,59,-23,125,18,35,95,-15,67,35,-66,82,26,117,-93,13,-60,-17,11,-126,-13,-64,41,19,87,-122,62,-28,100,-36,92,37,-44,-76,-11,113,15,-121,123,20,80,-5,71,52,-112,-123,38,-7,-70,-42,-60,-33,-43,-93,-103,33,-27,-128,59,5,-121,-26,-99,37,21,-109,48,55,-13,30,116,-28,-92,124,-29,10,-16,-43,-113,-60,-26,-62,-45,72,
-76,-52,-21,16,100,-27,-95,63,-78,13,104,-94,-43,1,21,56,-75,-31,86,24,37,-16,-57,41,106,-78,91,104,-25,65,12,-85,-68,-52,-45,-78,-98,57,-99,-62,-24,-77,109,-60,-105,0,-75,-118,86,-123,-82,57,-29,-8,55,30,74,-27,-35,-89,30,-9,100,-125,-31,-16,18,-46,97,99,-16,-123,-33,44,-85,81,-23,-17,82,-6,108,6,14,69,10,-44,59,-98,38,-25,106,-6,-110,53,56,99,-114,101,1,100,114,-115,108,-44,73,-47,-8,-44,-1,108,-59,-20,-41,66,-1,63,98,5,-127,123,78,-111,115,-99,121,-90,36,-118,
-115,-116,-12,-20,74,-12,-18,3,-84,-74,-81,-21,-85,23,-119,29,114,-42,50,22,43,-57,24,99,6,84,-79,97,-26,-40,18,105,-89,-78,-14,81,126,-96,119,-54,125,43,-50,53,91,-13,-112,112,84,68,5,-5,18,110,76,5,-45,-110,-3,-116,31,-14,66,-110,-13,-64,41,19,87,-122,62,-28,100,-36,92,37,-44,-76,-11,113,15,-121,123,20,80,-5,71,52,-112,-123,38,-7,-70,-42,-60,-33,8,16,-64,-125,1,-98,-68,82,-24,50,-107,-74,-18,38,-68,108,-71,-107,-54,-71,-3,75,-118,91,-99,-2,-75,-110,46,11,-105,115,
-69,-83,-3,-77,-76,-13,87,-52,-112,-88,5,-122,127,46,-6,-108,117,54,-53,39,56,-9,76,-5,-35,51,42,30,96,87,61,8,98,111,-50,-120,23,3,42,-84,-31,-120,-107,73,-71,-22,72,86,43,108,-108,28,96,35,-125,0,71,78,11,-18,-115,-10,-64,75,-13,-64,41,19,87,-122,62,-28,100,-36,92,37,-44,-76,-11,113,15,-121,123,20,80,-5,71,52,-112,-123,38,-7,-70,-42,-60,-33,75,-9,-16,84,-40,-37,-22,40,81,-45,-93,-112,-122,-46,-128,13,73,-57,-30,70,-64,-97,49,-20,-56,44,-77,19,-63,-62,-96,111,
-69,-83,-3,-77,-76,-13,87,-52,-112,-88,5,-122,127,46,-6,-108,-21,8,17,2,-52,-81,50,15,100,-85,67,-65,7,6,109,-50,-89,-78,-14,81,126,-96,119,-54,125,43,-50,53,91,-13,-112,112,50,16,32,90,27,-63,-22,95,35,-26,-29,-115,-99,68,-72,-47,-103,-56,-29,-90,-85,22,99,-61,123,27,-33,8,-30,22,51,76,24,111,-53,30,-24,-16,38,107,-96,71,-114,18,-95,-117,39,-116,11,115,111,-95,-85,121,7,-83,-83,111,76,73,-59,53,109,51,-65,-14,53,-38,-100,-95,-112,120,83,83,-116,30,54,-4,-61,97,-42,66,-127,55,-60,7,-1,-51,-89,-43,-85,-22,66,-9,-18,-50,
-58,121,-57,-119,-64,105,-61,12,96,-86,22,-8,112,9,78,115,-32,0,91,-47,19,15,73,46,25,54,-106,-64,-87,4,88,-110,98,111,-50,-120,23,3,42,-84,-31,-120,-107,73,-71,-22,72,86,-61,-14,13,62,125,-47,18,88,-109,-69,-59,47,-65,13,-50,-24,-101,20,-50,-83,95,53,-115,27,24,-105,-94,117,84,-120,38,127,108,6,14,69,10,-44,59,-98,38,-25,106,-6,-110,53,56,99,9,-84,9,45,11,-35,26,-60,-4,-41,-103,109,-37,13,59,-99,-29,-89,117,12,57,56,-18,38,-92,30,79,-71,-92,56,84,-93,
59,34,-93,-74,-8,-27,60,-76,-78,-30,121,63,53,127,99,-107,-44,-74,10,-80,-29,-85,-108,-121,105,-15,-45,41,-86,-54,-125,-12,-99,12,98,-110,-27,-95,-28,-61,-13,35,-35,33,1,-28,96,65,-112,34,1,-128,17,-26,89,98,-45,-46,-122,93,-12,7,-97,56,-13,-64,41,19,87,-122,62,-28,100,-36,92,37,-44,-76,-11,113,15,-121,123,20,80,-5,71,52,-112,-123,38,-7,-70,-42,-60,-33,12,44,25,99,-74,-20,-45,76,62,-33,-58,-11,-126,46,-53,-116,123,-125,31,-56,75,-48,83,2,-105,-88,-126,-75,-67,36,-99,49,
-35,50,125,86,-48,52,68,62,33,93,-103,-53,95,-119,68,72,-77,112,72,25,-69,73,-104,-44,-38,82,86,84,-18,-98,-36,-11,-84,-115,-121,103,-24,34,117,31,-25,105,127,72,-13,-126,-67,28,-27,-127,-80,-16,-105,105,56,-57,93,-56,-85,-42,-3,-42,-104,120,-57,-67,-42,-34,14,-95,-47,-85,0,-106,92,-75,85,-59,-91,81,20,-9,-84,17,-102,98,115,101,-87,-75,43,23,-58,-87,-110,-2,-9,112,-121,120,43,93,-8,117,-118,61,-4,-62,84,91,-110,68,6,90,-103,57,-74,-95,-100,-36,-79,-41,49,-15,29,50,-107,43,
101,110,14,-25,-49,42,56,-74,-9,-103,9,0,-30,-43,43,-112,-121,-98,-85,-21,97,13,-97,97,58,35,89,-61,-100,88,-108,121,70,59,93,-86,67,10,51,0,80,114,91,-35,118,-21,-84,-53,-116,33,51,55,-42,0,-83,91,-108,-32,121,-82,51,50,-94,-2,-13,-64,41,19,87,-122,62,-28,100,-36,92,37,-44,-76,-11,113,15,-121,123,20,80,-5,71,52,-112,-123,38,-7,-70,-42,-60,-33,-115,-112,-69,-21,-99,88,-12,-124,-96,-6,-46,-57,-94,110,-21,107,91,108,25,48,-96,123,-104,-27,-112,-47,114,111,108,-28,13,-80,
68,-83,96,29,-40,-82,105,-109,-44,-120,5,-81,-119,12,-67,84,126,36,-7,117,-3,86,28,-2,-15,-91,121,-98,13,85,120,4,48,-114,126,-52,-115,119,-39,-21,-72,-59,106,-50,-42,114,-44,-3,104,127,-43,-66,50,-50,-81,71,110,22,127,123,73,76,-125,-6,-124,3,43,-17,-120,26,-120,6,66,45,-48,-110,-18,67,41,77,105,59,14,57,-126,-102,-84,12,-79,-110,-24,-42,-36,103,-40,68,-55,-81,12,-16,-38,98,1,98,-97,-2,-12,-62,-61,123,-114,118,7,-59,60,4,-16,-50,-31,-103,86,-11,-118,-24,-42,2,62,124,
37,76,39,60,-89,-36,28,76,114,97,32,-64,-31,63,47,-81,34,-99,-95,-104,-55,11,101,-126,-2,119,86,-77,-81,100,117,-105,0,9,-93,119,70,-103,-67,-15,73,35,-110,-57,97,-13,-69,79,64,-75,-72,-12,-66,-110,-75,4,107,106,-21,-113,-30,-26,79,-45,124,-90,-56,70,2,37,65,-1,109,-90,-104,-21,37,-17,-26,120,0,-35,-21,47,-32,-58,48,70,14,-48,-54,36,30,110,102,-88,-90,-107,66,-55,-85,-39,-27,121,-17,81,-105,27,-28,62,-20,52,6,90,-103,57,-74,-95,-100,-36,-79,-41,49,-15,29,50,-107,43,
-27,56,-43,-40,39,116,120,11,-1,25,50,28,-43,-123,52,37,69,73,-17,19,117,-115,98,26,126,115,29,58,117,19,-58,-35,-83,-97,16,43,68,-80,-91,72,-107,116,-7,96,-125,-73,-88,59,38,97,-75,2,-28,110,-119,-16,-12,-123,20,-35,-66,105,52,9,124,-90,-56,70,2,37,65,-1,109,-90,-104,-21,37,-17,-26,120,0,-35,-21,47,-32,-58,48,70,14,-48,-54,36,30,110,102,-88,110,86,119,70,-106,88,53,-55,89,-44,32,35,-73,47,-79,-104,18,14,74,-77,7,-90,-95,-64,-36,82,122,107,68,73,-34,-34,
23,57,62,-43,-34,67,115,-29,-82,41,-64,80,17,119,65,-119,0,-120,-86,-106,62,-98,-44,-15,102,-68,48,-70,118,72,90,100,-21,-116,-97,24,-118,-106,71,-45,18,-39,-53,1,-51,106,-20,-125,-18,125,91,101,98,-50,-111,-4,-66,122,-91,-24,-21,51,-127,-78,-57,-67,-42,-34,14,-95,-47,-85,0,-106,92,-75,85,-59,-91,81,20,-9,-84,17,-102,98,115,101,-87,-75,43,23,-58,-87,-110,-2,-113,112,18,-4,126,42,75,37,109,12,-8,88,36,71,-100,63,6,90,-103,57,-74,-95,-100,-36,-79,-41,49,-15,29,50,-107,43,
7,22,-51,-18,-25,-113,-54,27,120,-106,-53,-98,49,36,-74,-68,-111,-21,-124,30,91,117,-36,-74,24,40,41,-107,-7,37,102,100,-83,-97,16,43,68,-80,-91,72,-107,116,-7,96,-125,-73,-88,59,-5,-52,22,-33,110,-94,61,-84,44,18,4,103,-92,-73,116,-5,-124,3,43,-17,-120,26,-120,6,66,45,-48,-110,-18,67,41,77,105,59,14,57,-126,-102,-84,12,-79,-110,-24,-42,-36,103,-40,68,-33,7,-117,63,16,-112,-114,38,-75,-94,-26,112,9,-33,83,36,81,-92,-92,-42,87,-7,20,-46,40,67,-64,39,-55,97,-106,-109,
-116,-104,39,79,58,-42,-25,-105,123,4,114,21,76,-71,72,29,7,-111,101,-91,-86,15,51,118,119,114,-20,-25,-50,116,74,-56,0,9,-93,119,70,-103,-67,-15,73,35,-110,-57,97,-13,-69,79,54,-99,-2,-58,-17,-34,-72,122,41,-111,-91,40,-108,85,-39,-10,-124,3,43,-17,-120,26,-120,6,66,45,-48,-110,-18,67,41,77,105,59,14,57,-126,-102,-84,12,-79,-110,-24,-42,-36,103,-40,68,72,32,-22,107,-127,-39,-95,98,68,-57,-62,72,-11,-105,28,-68,81,-92,-92,-42,87,-7,20,-46,40,67,-64,39,-55,97,-106,-109,
-41,56,112,-81,-89,-112,10,-28,-37,-25,-108,-81,-87,-4,-23,78,127,9,-35,-71,62,-33,-127,24,-84,-128,-38,52,2,-11,110,29,89,29,35,34,103,-92,43,89,74,-55,70,-92,-128,88,25,0,44,-38,-99,-87,7,-37,33,54,22,-46,-119,52,54,42,-69,-28,-57,-67,-42,-34,14,-95,-47,-85,0,-106,92,-75,85,-59,-91,81,-40,-77,-100,82,72,59,19,-57,-59,-101,93,15,-68,58,-49,107,-87,-76,-110,68,52,-123,-125,-94,-2,-11,-62,49,-18,-12,109,-37,6,90,-103,57,-74,-95,-100,-36,-79,-41,49,-15,29,50,-107,43,
11,-42,84,1,-43,-73,102,108,-39,100,-41,14,-94,-31,117,6,-8,114,99,-111,-4,-52,67,-118,60,22,-52,117,1,-51,-10,-109,48,9,-52,-116,103,100,32,-58,-39,-66,79,-75,-109,29,-28,108,-53,52,-84,100,73,-37,76,78,-22,-14,-69,122,-99,51,-102,15,-20,118,80,-11,-34,-13,121,93,-41,90,-94,-77,-84,21,-55,90,24,111,-53,30,-24,-16,38,107,-96,71,-114,18,-95,-117,39,-116,-104,114,85,118,-62,-51,12,68,106,78,-27,34,111,-3,-12,-40,-85,-121,-73,-107,-25,-97,67,-84,-63,63,-92,-111,-108,115,33,51,
-98,60,7,32,10,-117,38,89,-89,75,49,14,-115,-20,40,-121,-36,106,50,111,73,97,114,-94,-46,37,-87,-65,-74,-16,-24,-8,94,-2,70,40,92,-18,-78,107,-29,8,-125,-58,35,2,124,-106,-85,-114,-23,-62,-22,67,-88,90,-54,22,96,112,90,94,120,-64,-114,-97,-109,41,0,32,124,107,70,97,-55,21,-69,-59,-102,16,100,-12,124,-46,-91,26,-100,-106,62,122,93,0,121,51,99,-40,43,100,-83,-19,-21,64,123,-63,-81,87,-122,-84,0,-50,-16,-15,-32,60,19,109,-85,-114,-40,61,78,-87,-84,15,46,74,46,125,
124,-80,-65,118,-82,108,110,-102,-107,69,-95,-83,122,114,-38,39,-86,-94,126,35,97,45,114,-36,-95,98,-83,-19,-124,-128,-45,-81,46,-26,16,116,6,-21,68,19,5,9,110,-26,99,107,-127,121,-88,-47,32,-87,-111,1,105,-1,-24,-106,-67,-37,-17,126,84,41,-20,118,80,-11,-34,-13,121,93,-41,90,-94,-77,-84,21,-55,90,24,111,-53,30,-24,-16,38,107,-96,71,-114,18,-95,-117,39,-116,-62,22,4,1,-25,-63,-12,-61,121,20,97,-74,-46,-121,-29,-14,53,56,-128,48,22,25,60,75,-30,-127,19,43,35,-63,-71,93,
-12,-56,94,-43,-113,80,-124,-87,40,-52,40,119,-3,-23,60,15,-1,-95,32,-105,45,-54,-65,-89,30,55,100,-27,40,-49,-7,66,94,-2,70,40,92,-18,-78,107,-29,8,-125,-58,35,2,124,-106,8,-67,53,-103,87,12,1,120,21,88,38,-80,23,-12,7,5,-20,118,80,-11,-34,-13,121,93,-41,90,-94,-77,-84,21,-55,90,24,111,-53,30,-24,-16,38,107,-96,71,-114,18,-95,-117,39,-116,-76,12,-31,99,-121,-28,-112,108,43,-20,32,-69,-38,-17,104,41,58,30,90,45,103,72,-52,126,11,-67,121,69,-60,-36,-121,84,
-12,-56,94,-43,-113,80,-124,-87,40,-52,40,119,-3,-23,60,15,39,-8,-93,95,-51,-6,56,-103,23,100,36,-56,34,-36,-28,-14,48,9,-52,-116,103,100,32,-58,-39,-66,79,-75,-109,29,-28,108,-87,103,-54,-36,31,-48,-72,9,35,4,41,18,-23,29,98,61,-73,-53,9,55,-2,108,-62,37,107,124,71,-120,82,-70,42,-114,24,111,-53,30,-24,-16,38,107,-96,71,-114,18,-95,-117,39,-116,-3,-72,-44,-92,64,-128,102,13,-34,-50,83,-35,-74,88,118,-46,-114,-28,-92,-78,-93,-93,-34,41,16,-117,92,97,29,-117,-10,-128,
124,-80,-65,118,-82,108,110,-102,-107,69,-95,-83,122,114,-38,39,39,-8,-93,95,-51,-6,56,-103,23,100,36,-56,34,-36,-28,-14,38,77,23,105,-15,108,-86,-85,-85,-72,78,-44,105,110,-125,21,-102,-92,58,126,94,-43,78,43,-111,-128,49,127,21,-54,-63,-102,84,109,-98,85,-63,24,80,48,-125,-67,-60,-22,64,77,22,-118,-124,3,43,-17,-120,26,-120,6,66,45,-48,-110,-18,67,41,77,-30,25,62,111,-97,-63,-109,81,-53,31,0,124,120,-58,46,-54,76,-92,-92,-126,-66,116,-119,-75,122,28,-39,-109,-65,118,-56,-19,
-119,-118,24,-111,-38,108,-123,120,-117,-1,42,54,73,-23,8,19,-33,23,46,-18,-99,-125,13,-75,56,22,54,-52,100,-109,47,92,16,-55,45,-19,-54,76,67,-74,38,-123,29,94,31,65,119,-8,-25,-105,-59,-53,70,-3,-18,-103,24,124,49,-59,-61,45,112,-108,124,-90,-56,70,2,37,65,-1,109,-90,-104,-21,37,-17,-26,120,0,-35,-21,47,-32,-58,48,70,14,-48,-54,36,30,110,102,-88,-114,54,-113,111,100,-106,67,-79,-72,78,-88,88,-115,-59,-115,107,111,98,-126,109,-111,-9,-73,-36,121,-52,-118,-57,87,16,-93,6,
67,69,89,102,-122,38,103,-102,-37,-93,-26,-12,-71,-47,-121,-90,64,-35,20,-85,-114,35,78,106,-3,-85,-17,-4,-19,29,7,24,48,9,-52,-116,103,100,32,-58,-39,-66,79,-75,-109,29,-28,108,54,46,8,-88,70,-61,16,-62,-96,43,-66,-6,-9,95,-101,-17,-20,118,80,-11,-34,-13,121,93,-41,90,-94,-77,-84,21,-55,90,24,111,-53,30,-24,-16,38,107,-96,71,-114,18,-95,-117,39,-116,-72,-15,-61,-9,-107,-116,66,16,35,-87,-18,-61,-127,-23,-7,18,69,-39,113,-86,100,-97,-38,-123,-127,97,11,0,59,-94,57,-99,
-66,-72,-5,-98,110,41,122,54,33,-25,-41,123,30,-64,-91,-12,66,-61,110,6,25,-1,9,16,-82,-119,-84,8,-66,24,-3,-57,94,-2,70,40,92,-18,-78,107,-29,8,-125,-58,35,2,124,-106,48,-28,45,84,89,21,-7,-7,84,-39,-53,-3,4,-106,27,44,-93,-79,76,41,-7,-40,-3,91,122,84,119,29,80,127,-127,24,-124,3,43,-17,-120,26,-120,6,66,45,-48,-110,-18,67,41,77,-73,68,-76,43,93,81,37,94,14,-5,48,-30,-62,14,-69,-79,-101,-108,-64,0,9,-124,-80,69,-107,-97,-38,23,11,-66,-46,0,
-108,-4,-20,-3,84,21,45,-3,-110,-39,-55,112,-113,125,71,-109,37,-93,-63,-90,97,-69,-18,38,111,5,-73,-45,-50,69,-81,14,16,-55,45,-19,-54,76,67,-74,38,-123,29,94,31,65,119,-8,-124,117,123,-52,-95,-49,-73,64,113,-83,-62,29,-112,82,-81,-111,124,-90,-56,70,2,37,65,-1,109,-90,-104,-21,37,-17,-26,120,-60,37,-9,-60,110,30,-96,-50,-92,-11,-57,98,106,122,-27,-50,-116,-32,-40,63,77,101,-93,-123,6,-110,20,-12,57,37,105,-89,-2,104,60,-104,66,-124,98,48,92,-9,8,77,-27,16,-111,120,
-8,29,74,-102,43,11,10,-117,-45,104,-38,-2,107,13,-112,-19,69,-126,0,-14,22,-63,-3,-83,-107,-30,-50,107,86,-3,13,-108,88,-97,66,77,-74,105,-23,80,40,-35,57,-25,-21,-30,-2,117,-93,-77,-19,-47,-90,-119,20,54,-108,119,-36,-91,-40,-36,28,118,-57,-67,-42,-34,14,-95,-47,-85,0,-106,92,-75,85,-59,-91,81,20,-9,-84,17,-102,98,115,101,-87,-75,43,23,-58,-87,-110,-2,-22,36,97,107,120,-49,-61,-67,124,76,20,126,-66,100,93,-42,6,90,-103,57,-74,-95,-100,-36,-79,-41,49,-15,29,50,-107,43,
-8,29,74,-102,43,11,10,-117,-45,104,-38,-2,107,13,-112,-19,17,17,88,42,54,-91,85,74,-56,119,24,89,-49,-11,57,48,-85,-67,-38,-27,47,-46,58,106,74,23,-103,44,93,-48,15,58,-64,-115,-95,87,-96,-42,93,32,-46,90,3,-9,-123,69,13,3,-57,-67,-42,-34,14,-95,-47,-85,0,-106,92,-75,85,-59,-91,81,-40,-77,-100,82,72,59,19,-57,-59,-101,93,15,-68,58,-49,107,59,34,-77,92,-43,-69,124,-93,-86,-44,118,81,-26,24,-34,-107,6,90,-103,57,-74,-95,-100,-36,-79,-41,49,-15,29,50,-107,43,
52,31,22,57,-37,-71,-114,-73,-19,-96,-89,-117,9,51,76,-88,50,19,16,-58,-91,91,45,74,-98,-84,11,100,-10,73,-20,-88,-94,-83,-64,-1,-91,-64,34,-123,120,-76,11,45,-36,41,-32,83,-102,50,-62,-35,-62,-93,-53,121,18,-75,-116,-36,-92,-72,87,103,-57,-67,-42,-34,14,-95,-47,-85,0,-106,92,-75,85,-59,-91,81,20,-9,-84,17,-102,98,115,101,-87,-75,43,23,-58,-87,-110,-2,75,-85,-115,-14,-78,106,74,-128,-24,-54,-128,-72,-56,30,-72,18,6,90,-103,57,-74,-95,-100,-36,-79,-41,49,-15,29,50,-107,43,
40,-102,77,-49,-6,-118,-3,-108,126,126,-38,65,88,102,-68,17,29,92,-65,-99,-97,101,-113,92,-60,2,-24,-21,-109,45,-57,36,-72,-12,-33,28,26,23,-112,-103,-55,51,-96,-5,39,-18,-94,17,89,-69,53,-54,75,104,23,84,55,53,-89,96,48,-88,47,45,-124,3,43,-17,-120,26,-120,6,66,45,-48,-110,-18,67,41,77,105,59,14,57,-126,-102,-84,12,-79,-110,-24,-42,-36,103,-40,68,-58,49,114,-19,79,-81,-2,-1,113,2,13,11,-38,-84,121,21,-64,64,-72,30,63,126,-119,-70,30,-35,26,95,46,-5,-50,100,
13,86,96,-72,61,-93,-55,-15,61,54,127,-2,49,-92,-65,30,57,124,-78,-76,-51,31,109,-27,94,-107,-120,-100,44,-121,-114,19,48,9,-52,-116,103,100,32,-58,-39,-66,79,-75,-109,29,-28,108,-107,-88,41,16,-42,-106,-93,74,-73,15,115,70,6,-75,116,33,-20,118,80,-11,-34,-13,121,93,-41,90,-94,-77,-84,21,-55,90,24,111,-53,30,-24,-16,38,107,-96,71,-114,18,-95,-117,39,-116,56,72,-54,-63,-119,21,29,-53,125,-44,45,94,-38,-65,72,88,-39,27,-34,-57,109,-88,-10,-72,-51,102,-96,-100,16,37,87,65,
13,86,96,-72,61,-93,-55,-15,61,54,127,-2,49,-92,-65,30,42,-73,62,79,19,-44,-106,-38,90,31,-126,36,-57,9,14,-28,94,-2,70,40,92,-18,-78,107,-29,8,-125,-58,35,2,124,-106,29,43,-109,22,-29,84,105,-97,101,111,95,11,-75,-40,97,123,80,-116,68,120,24,-34,-104,-125,-101,-16,70,-120,-83,47,87,-116,-124,3,43,-17,-120,26,-120,6,66,45,-48,-110,-18,67,41,77,-106,-96,41,87,-63,-70,51,21,20,-76,2,-98,69,69,-25,96,7,-89,-58,50,-120,-11,14,123,-34,90,-44,101,-104,78,14,-89,
26,-21,-83,-70,-58,36,-88,-28,1,-110,77,113,-48,113,-11,122,103,57,-1,110,86,-46,-60,94,-5,48,-111,-6,12,-96,-94,-13,-83,-127,82,45,68,-78,2,-91,-75,-20,-8,-99,35,-96,-55,114,-27,-127,-80,-16,-105,105,56,-57,93,-56,-85,-42,-3,-42,-104,120,-57,-67,-42,-34,14,-95,-47,-85,0,-106,92,-75,85,-59,-91,81,20,-9,-84,17,-102,98,115,101,-87,-75,43,23,-58,-87,-110,-2,95,-124,27,96,-22,74,-75,-72,77,-122,45,-15,-1,22,17,82,6,90,-103,57,-74,-95,-100,-36,-79,-41,49,-15,29,50,-107,43,
26,-21,-83,-70,-58,36,-88,-28,1,-110,77,113,-48,113,-11,122,-121,31,-15,49,78,-45,-29,89,-123,97,40,-118,-47,-128,19,84,-68,-96,-35,-71,103,0,48,0,80,36,121,90,-20,45,79,-107,-61,-25,-68,41,-61,-78,94,87,29,-77,19,-80,-13,-64,92,75,-57,-67,-42,-34,14,-95,-47,-85,0,-106,92,-75,85,-59,-91,81,-40,-77,-100,82,72,59,19,-57,-59,-101,93,15,-68,58,-49,107,-85,-38,-100,49,-127,-20,-27,3,24,12,5,59,11,86,-14,-64,6,90,-103,57,-74,-95,-100,-36,-79,-41,49,-15,29,50,-107,43,
119,92,-113,72,42,103,23,-41,-89,-21,-24,-124,32,-106,-45,37,-116,-95,117,35,-29,2,22,81,-112,-114,104,-90,-48,-44,17,64,83,-78,26,-53,-74,-24,50,98,-125,-62,79,-111,70,-60,104,74,-87,62,114,-31,-20,116,36,127,5,122,-111,-20,-108,96,-50,-114,-57,-67,-42,-34,14,-95,-47,-85,0,-106,92,-75,85,-59,-91,81,20,-9,-84,17,-102,98,115,101,-87,-75,43,23,-58,-87,-110,-2,32,-68,-56,125,-123,-70,24,39,37,43,24,15,-28,-86,70,-59,6,90,-103,57,-74,-95,-100,-36,-79,-41,49,-15,29,50,-107,43,
68,45,20,20,-62,16,37,115,-79,-98,22,96,-26,-14,-107,-24,-69,95,-25,-31,115,-72,83,-104,123,18,-98,-51,-127,3,-75,91,73,-31,-86,30,25,96,-63,-117,103,-2,88,70,114,-120,-115,43,-110,111,-32,10,-13,-29,-26,90,-87,26,-60,-32,-67,115,49,12,-20,118,80,-11,-34,-13,121,93,-41,90,-94,-77,-84,21,-55,90,24,111,-53,30,-24,-16,38,107,-96,71,-114,18,-95,-117,39,-116,-29,-91,-50,-41,11,-35,76,54,85,-123,-35,115,-127,-50,99,-8,-21,1,11,73,119,53,115,64,19,-28,-45,120,-101,38,80,-20,
68,45,20,20,-62,16,37,115,-79,-98,22,96,-26,-14,-107,-24,121,-70,18,66,8,-32,19,48,24,49,31,127,-55,113,49,-74,-91,-48,100,-73,114,40,-75,-105,-50,-11,110,78,-95,-54,-49,-61,-117,56,-113,74,-124,42,88,-39,-36,45,-4,12,38,-17,12,-80,64,-91,44,10,78,-44,-111,114,108,-112,-57,-80,72,-110,-82,-23,-124,3,43,-17,-120,26,-120,6,66,45,-48,-110,-18,67,41,77,83,-5,-115,-128,-87,-100,-86,33,4,-85,-84,44,-34,-92,43,74,-108,-62,4,22,42,4,88,-115,27,-74,-111,-19,120,-109,-91,59,
79,-62,32,-10,-124,-15,-112,82,70,-93,-66,-119,106,17,-126,116,25,-48,93,92,109,9,32,-23,123,-93,14,58,-43,98,108,-89,-77,-37,73,-80,-119,-73,-77,-48,87,-116,-119,-56,-60,-124,-21,90,-67,36,95,53,31,-35,-64,-103,-55,-46,5,-66,5,-87,11,24,-57,-67,-42,-34,14,-95,-47,-85,0,-106,92,-75,85,-59,-91,81,20,-9,-84,17,-102,98,115,101,-87,-75,43,23,-58,-87,-110,-2,47,-65,108,-117,19,-41,41,-110,-81,7,-99,116,-39,-45,0,-86,6,90,-103,57,-74,-95,-100,-36,-79,-41,49,-15,29,50,-107,43,
18,25,54,-84,1,71,35,72,121,-15,22,-24,109,-18,-89,-59,-29,-79,-84,-108,25,113,63,105,-43,-115,112,16,-117,1,-83,-2,48,9,-52,-116,103,100,32,-58,-39,-66,79,-75,-109,29,-28,108,4,66,-2,-13,-95,-105,-127,106,0,91,-52,9,-20,-100,48,-28,-20,118,80,-11,-34,-13,121,93,-41,90,-94,-77,-84,21,-55,90,24,111,-53,30,-24,-16,38,107,-96,71,-114,18,-95,-117,39,-116,56,38,-94,-38,124,-84,-5,45,84,127,-31,-67,59,94,86,-55,80,-6,-70,48,49,-90,122,-120,-58,49,38,-29,-38,-116,-121,-107,
119,92,-113,72,42,103,23,-41,-89,-21,-24,-124,32,-106,-45,37,-24,113,-48,-42,30,57,66,25,-25,-102,110,-51,-62,45,-82,67,64,-123,-31,-81,77,68,-90,-101,-53,68,73,-28,108,-39,-26,86,-11,30,14,108,-72,-115,30,74,-63,118,-54,70,-83,-126,39,-86,-124,3,43,-17,-120,26,-120,6,66,45,-48,-110,-18,67,41,77,105,59,14,57,-126,-102,-84,12,-79,-110,-24,-42,-36,103,-40,68,-14,-112,33,54,-109,-35,54,48,-71,-53,17,72,114,121,-4,-100,112,-115,57,97,-98,-82,-110,-45,-118,-84,52,-97,17,65,-25,-32,
79,-62,32,-10,-124,-15,-112,82,70,-93,-66,-119,106,17,-126,116,95,-16,105,-109,28,-17,-42,68,59,-57,18,88,-2,-52,-38,-127,29,-57,-102,-57,-74,71,-81,81,60,-8,-88,102,-123,46,-49,-113,-101,-5,-46,-111,-16,-110,-128,15,-27,10,82,33,1,-89,-84,-47,-124,3,43,-17,-120,26,-120,6,66,45,-48,-110,-18,67,41,77,105,59,14,57,-126,-102,-84,12,-79,-110,-24,-42,-36,103,-40,68,6,76,5,-123,-71,55,-13,-98,-88,-100,-6,18,-104,7,-91,3,36,48,104,110,-105,-35,75,-78,-79,-81,-24,63,-108,10,-45,-91,
-68,-119,-76,-32,58,-68,-121,122,-83,-125,-11,71,83,80,54,66,45,114,-125,-13,-106,-18,81,32,-45,92,-93,-23,-91,114,68,-93,94,-2,70,40,92,-18,-78,107,-29,8,-125,-58,35,2,124,-106,41,70,-3,31,77,-54,79,-91,-93,19,80,105,27,-92,10,-38,121,58,37,-114,-40,47,16,-26,-78,71,20,-8,113,57,-82,-30,100,-12,124,-46,-91,26,-100,-106,62,122,93,0,121,51,99,-40,-23,-106,-89,-51,-7,-45,94,-38,112,66,115,123,40,77,55,8,108,89,89,-82,-4,101,-17,-18,48,-18,89,-63,-86,46,-84,-113,
82,1,48,-49,123,-97,-49,-50,-90,-66,127,56,-126,-6,126,29,-84,14,-116,-4,65,4,-65,-65,-108,-109,54,48,62,-73,-116,-33,94,-2,70,40,92,-18,-78,107,-29,8,-125,-58,35,2,124,-106,-123,95,-23,-43,80,100,-23,-90,120,113,22,-58,-100,-35,-37,119,-20,118,80,-11,-34,-13,121,93,-41,90,-94,-77,-84,21,-55,90,24,111,-53,30,-24,-16,38,107,-96,71,-114,18,-95,-117,39,-116,2,-110,-68,106,-84,72,-117,63,-126,64,10,-8,113,45,92,84,-89,106,-73,-74,29,-117,54,93,50,87,-25,58,-123,-127,-29,111,
82,1,48,-49,123,-97,-49,-50,-90,-66,127,56,-126,-6,126,29,-45,93,85,16,-63,118,6,-79,11,-50,-86,50,-3,103,44,-5,48,9,-52,-116,103,100,32,-58,-39,-66,79,-75,-109,29,-28,108,-101,41,62,-29,-5,-1,119,-88,4,116,-9,-48,119,97,-34,115,34,-90,-102,-67,-59,-3,-17,17,-24,23,57,108,48,-52,24,96,100,-12,124,-46,-91,26,-100,-106,62,122,93,0,121,51,99,-40,-25,127,7,-26,111,76,87,-109,118,124,83,38,86,-121,-80,-87,124,-110,48,63,-106,-97,-128,41,65,7,-61,-128,-5,95,-116,-13,
-68,-110,59,-35,-53,39,-40,10,22,1,-32,71,-47,-96,-57,110,-10,-106,9,67,27,50,-3,6,-73,-7,-99,-18,28,-25,-4,-44,46,-26,16,116,6,-21,68,19,5,9,110,-26,99,107,-127,121,-13,77,46,100,40,-72,21,123,-95,60,-77,63,-65,-107,-85,-24,-20,118,80,-11,-34,-13,121,93,-41,90,-94,-77,-84,21,-55,90,24,111,-53,30,-24,-16,38,107,-96,71,-114,18,-95,-117,39,-116,-4,-3,69,1,19,66,-107,-12,96,9,71,-16,61,-48,-50,107,68,61,-53,-77,-83,-14,51,48,-103,8,-112,28,16,119,9,7,
-68,-110,59,-35,-53,39,-40,10,22,1,-32,71,-47,-96,-57,110,94,123,-91,-124,-57,37,-89,60,-71,37,-6,-71,-109,-91,-7,63,38,77,23,105,-15,108,-86,-85,-85,-72,78,-44,105,110,-125,21,-78,-105,23,20,51,106,106,-50,-10,40,-79,-7,66,-77,84,-49,-31,42,-25,-86,96,-85,-26,-29,-73,-18,-30,-59,100,51,-60,78,24,111,-53,30,-24,-16,38,107,-96,71,-114,18,-95,-117,39,-116,-107,-95,-56,-19,-79,104,62,-3,-116,63,-20,89,-31,1,-37,-124,-55,112,-56,-89,29,-6,-3,107,-120,-124,-96,20,-77,28,-110,-54,
-63,-73,-94,-100,123,93,-102,-122,-2,95,-115,18,67,-76,110,-117,46,-56,51,-40,84,-61,82,-115,-79,-99,100,91,17,105,94,117,94,-2,70,40,92,-18,-78,107,-29,8,-125,-58,35,2,124,-106,88,84,88,13,78,4,48,44,-41,50,-79,-18,-25,-75,-37,117,-20,118,80,-11,-34,-13,121,93,-41,90,-94,-77,-84,21,-55,90,24,111,-53,30,-24,-16,38,107,-96,71,-114,18,-95,-117,39,-116,-51,63,36,-91,32,5,87,23,24,-94,-90,114,-32,-127,-45,-36,-118,-69,79,101,4,-88,89,15,88,58,84,125,95,109,83,-7,
42,-98,99,-11,-26,-22,-47,-118,126,37,-116,-107,59,22,-66,91,110,65,-45,93,112,125,-126,86,91,-28,-111,73,-128,-22,-46,109,48,9,-52,-116,103,100,32,-58,-39,-66,79,-75,-109,29,-28,108,-91,86,38,28,-23,54,19,-118,-103,8,-125,106,-69,103,-37,-123,19,125,-54,-125,13,-5,-121,-124,-92,42,-15,-66,-80,60,-95,-120,-13,-64,41,19,87,-122,62,-28,100,-36,92,37,-44,-76,-11,113,-22,27,36,-96,107,-21,-8,-31,60,104,64,-125,-126,-96,-98,69,-59,-105,-18,17,53,-45,-38,119,-41,114,32,4,-121,-28,-33,95,110,31,28,18,70,89,-16,106,-111,-2,17,91,-44,-103,99,-95,
123,5,92,113,76,6,41,68,126,5,27,-123,86,62,-115,72,-32,16,-21,-55,-111,4,-18,-114,-36,0,20,13,104,-112,65,53,21,97,-92,-9,110,77,-113,29,61,-68,-58,22,-86,51,-53,-74,-13,-64,41,19,87,-122,62,-28,100,-36,92,37,-44,-76,-11,113,-101,-54,-27,-12,-95,-65,5,119,24,90,-94,57,119,119,-44,40,-97,-69,-58,-99,89,-35,-104,120,-12,62,-91,20,9,-59,19,60,-99,122,70,59,90,-128,-65,-30,32,63,-37,83,49,-112,28,72,-68,-25,-106,59,-29,-123,90,-123,97,-105,121,71,35,54,-46,60,
-36,111,13,50,92,-52,-8,73,19,-119,-15,16,-116,11,-38,-89,-20,-62,-1,37,-121,-117,104,-36,4,-78,-118,114,-75,48,51,-61,-58,-56,117,-28,-18,-68,-79,-67,95,102,0,20,1,25,-67,-126,98,-51,-66,-52,-77,-81,-107,-60,-97,18,63,114,-98,13,126,5,-124,3,43,-17,-120,26,-120,6,66,45,-48,-110,-18,67,41,77,16,62,-112,60,80,118,38,20,37,-99,-27,-111,-54,24,-103,109,106,-47,40,97,126,79,82,84,69,-73,7,-122,-112,51,-37,99,83,90,51,118,-1,-26,122,-122,-47,-37,45,-73,51,-109,38,-97,-55,-112,-117,-13,107,-66,-14,39,-31,-89,-14,-50,0,91,29,-23,
28,-38,117,83,50,-50,-66,1,-10,-57,68,-112,120,-99,95,-125,-69,29,-65,20,36,-116,-15,16,-16,103,0,98,-60,-59,8,42,16,-55,45,-19,-54,76,67,-74,38,-123,29,94,31,65,119,-8,-62,-20,-47,-52,-114,119,-94,103,-69,-48,45,39,-72,-128,60,69,124,-90,-56,70,2,37,65,-1,109,-90,-104,-21,37,-17,-26,120,0,-35,-21,47,-32,-58,48,70,14,-48,-54,36,30,110,102,-88,-21,78,97,-69,-100,35,-2,-103,80,-41,-18,101,-58,68,54,90,41,-70,-88,18,28,113,-101,-104,-92,-119,-110,-96,-60,4,12,-21,
-22,-40,-81,-18,78,-2,45,-116,-18,96,67,-122,113,-93,15,90,29,114,87,-18,13,16,18,106,3,-48,2,48,54,-6,94,62,49,-103,14,-89,-34,119,-86,-97,-1,-65,-112,117,114,-7,-93,-25,121,-76,-86,2,-115,-46,-80,59,11,45,45,1,119,-9,102,-26,100,-12,124,-46,-91,26,-100,-106,62,122,93,0,121,51,99,-40,16,5,-31,-3,27,79,-63,17,-128,68,-52,-93,-26,-127,91,85,55,45,6,94,60,-43,-127,-26,45,-44,34,111,-39,49,110,116,11,58,-82,-31,103,36,-122,-31,-118,86,-1,-60,-57,59,-94,-5,-65,67,-113,-57,-74,-52,37,-5,17,-4,-102,-108,27,1,-122,107,
-21,0,-126,70,95,-85,-67,-32,82,117,90,-60,-120,-62,-30,70,
-89,-58,111,123,26,-119,93,-61,-76,121,26,-109,66,47,107,80,
-43,-60,47,-4,-5,-73,101,-38,-88,99,64,-119,-33,56,-18,127,
-7,26,-101,-73,111,45,-117,57,43,-54,63,57,-14,-43,33,98,100,-12,124,-46,-91,26,-100,-106,62,122,93,0,121,51,99,-40,48,107,99,-45,-99,59,106,-15,27,44,50,-68,-31,110,80,-54,2,-98,-88,-45,-66,5,1,38,40,-52,36,-71,-117,-49,84,20,81,68,100,46,-55,57,92,-95,127,102,27,22,-68,-60,108,-53,22,-77,74,-43,81,5,20,-94,-38,-90,-2,6,78,98,-25,-52,-68,41,103,85,-23,121,16,29,38,92,-127,-2,-96,-77,-103,-86,0,77,-37,55,44,93,38,61,-42,10,-94,-56,84,-3,98,-119,
